0.
0.8974181
0.9626686
0.8989478
0.9003059
0.9011165
0.8597301
0.8805385
0.9091293
0.6404082
0.9437157
0.9279694
0.8548648
0.8561686
0.8977174
0.8980869
0.8982659
0.8986347
0.928232
0.9331084
0.9367484
0.8882472
0.9013922
0.9008311
0.6375343
0.6682006
0.587293
0.9049422
0.8523955
0.8470408
0.8996724
0.901234
0.9018444
0.9160698
0.8810066
0.9025393
0.8915426
0.8579407
0.8438376
0.8978207
0.906151
0.9030561
0.8999738
0.8999141
0.9057643
0.9040323
0.9011473
0.9270214
0.9268056
0.927551
0.9274794
0.9273183
0.9275903
0.9275987
0.9083044
0.8916942
0.9145221
0.8552478
0.8449949
0.9008636
0.9020752
0.8587821
0.8571235
0.8549139
0.8588269
0.9276249
0.7326016
0.9352139
0.9409963
0.9011032
0.8498802
0.9174029
0.9271042
0.9276123
0.857333
0.8605741
0.914922
0.9256325
0.9349505
0.943308
0.9430091
0.9387321
0.9181315
0.9223179
0.9079929
0.8998504
0.9045071
0.898835
0.8974181
0.
0.9627096
0.9186873
0.9502486
0.9508627
0.8884832
0.8874657
0.909798
0.895935
0.9438722
0.9356043
0.895421
0.8088831
0.9491151
0.9494292
0.9493652
0.9166115
0.9358887
0.9406923
0.9471202
0.6615428
0.9502778
0.951925
0.8931686
0.8922826
0.8941918
0.9511933
0.8842176
0.8797112
0.945326
0.9498233
0.9498338
0.920585
0.822149
0.9474658
0.9321576
0.8960082
0.8918121
0.9489921
0.9453238
0.9495162
0.9507887
0.9484006
0.9507509
0.9522196
0.9504379
0.9342531
0.933956
0.9338511
0.9332131
0.9335905
0.9336417
0.9335268
0.931243
0.9063966
0.9360012
0.9144643
0.8875801
0.9502529
0.9499741
0.8905297
0.890503
0.8899786
0.8895404
0.9336682
0.8986202
0.9373319
0.9395735
0.9508933
0.896398
0.9529256
0.9363144
0.9340517
0.9046759
0.9008024
0.9228664
0.9321635
0.9452281
0.9459506
0.9488929
0.9471777
0.9279828
0.927172
0.916316
0.9464156
0.9465112
0.9458271
0.9626686
0.9627096
0.
0.9673892
0.9870616
0.9867651
0.9691506
0.9624916
0.962513
0.9610738
0.9717069
0.9715936
0.9599568
0.9630091
0.9856907
0.9869284
0.9868251
0.9667115
0.9723022
0.9736479
0.9817887
0.9627148
0.9854129
0.9857966
0.963791
0.9634699
0.9655405
0.987397
0.967485
0.9678522
0.9824039
0.9859066
0.9860567
0.9745569
0.9607189
0.9844865
0.9767122
0.9745821
0.9718468
0.9864131
0.986702
0.9862735
0.9850529
0.9858405
0.9881568
0.987926
0.9878929
0.9677958
0.969472
0.9681356
0.9683404
0.9686198
0.9683617
0.9683114
0.9623466
0.9646385
0.971359
0.9048174
0.9585093
0.9866248
0.987005
0.9691903
0.9688376
0.9687293
0.968874
0.9686533
0.9683812
0.9685436
0.9740955
0.9868225
0.971984
0.9876922
0.9701344
0.9684578
0.9589959
0.9595719
0.9682904
0.9695819
0.9765047
0.9755213
0.9773053
0.9768971
0.9682585
0.969871
0.9655935
0.9842189
0.9805155
0.9873444
0.8989478
0.9186873
0.9673892
0.
0.9563635
0.9567311
0.8833283
0.906792
0.9157755
0.8972754
0.9357665
0.9188924
0.8880503
0.8881749
0.9560184
0.9559016
0.9558262
0.9120383
0.9194358
0.9247535
0.923502
0.9117801
0.9556824
0.9571858
0.8958751
0.8942826
0.8986832
0.956613
0.8850856
0.8828633
0.9573568
0.956351
0.9569583
0.9188525
0.8967388
0.9577305
0.9423921
0.8994811
0.8980786
0.9553945
0.9534259
0.9560342
0.9565446
0.9559854
0.9557291
0.9574439
0.957633
0.9183312
0.9178684
0.9206306
0.9202062
0.9202552
0.9203167
0.9203211
0.9263501
0.9037118
0.903676
0.9194582
0.8840033
0.9568048
0.9556304
0.8851479
0.8844483
0.882558
0.8847776
0.920627
0.9031825
0.9323508
0.9414615
0.9567304
0.899659
0.9590651
0.9178502
0.9203886
0.8990518
0.8944594
0.9089978
0.9161533
0.9242781
0.9276268
0.9252173
0.9249779
0.9108999
0.9134201
0.9031401
0.955885
0.9488335
0.9597689
0.9003059
0.9502486
0.9870616
0.9563635
0.
0.1496447
0.9013644
0.951102
0.9656812
0.8979592
0.99249
0.9738418
0.9345429
0.8967339
0.4083722
0.395239
0.3954977
0.9582396
0.9718209
0.9776135
0.9640912
0.9424913
0.4231289
0.4113382
0.895494
0.8917487
0.8700285
0.5136402
0.8950455
0.8982882
0.737275
0.4276954
0.4201075
0.9550829
0.938879
0.7433213
0.7961043
0.8445334
0.8255696
0.3967718
0.7647897
0.4625925
0.4194694
0.4751269
0.5435528
0.5342013
0.5172386
0.9725423
0.9744967
0.9743324
0.9745348
0.9745572
0.9745983
0.9746779
0.9664921
0.9495447
0.9795146
0.8993553
0.928951
0.4115368
0.475486
0.9019
0.9015721
0.9000332
0.9026142
0.9745831
0.8535181
0.9754943
0.9829991
0.151868
0.8428121
0.8273249
0.9744404
0.9745498
0.9310775
0.9444726
0.9614401
0.9707896
0.9715073
0.9763666
0.9781079
0.974769
0.9676124
0.9673908
0.9563369
0.7372721
0.7811502
0.6792307
0.9011165
0.9508627
0.9867651
0.9567311
0.1496447
0.
0.9017961
0.9506427
0.9661733
0.8987182
0.9920613
0.9741546
0.9348606
0.8966269
0.4019992
0.3874801
0.3874159
0.957953
0.9715591
0.977755
0.9642716
0.9423203
0.4192138
0.4045066
0.8947827
0.8924952
0.8688601
0.5037838
0.8950673
0.8985074
0.7358392
0.4109714
0.4107127
0.953961
0.9380562
0.741646
0.7963068
0.8417341
0.8253207
0.391228
0.7662656
0.4595976
0.4081693
0.4760767
0.5390748
0.525426
0.5120186
0.9718791
0.974622
0.9744444
0.9745615
0.9745851
0.9746442
0.9747343
0.966368
0.9488059
0.9799281
0.8971533
0.9296212
0.4015686
0.4704931
0.9018791
0.9021975
0.8999855
0.9030584
0.9746366
0.8539307
0.9752029
0.9826759
0.0030835
0.8422594
0.8261132
0.9749465
0.9746054
0.9309493
0.9437683
0.9621242
0.9709003
0.971906
0.9768383
0.9781292
0.9744861
0.9680915
0.9677963
0.9553667
0.7349953
0.7791985
0.675954
0.8597301
0.8884832
0.9691506
0.8833283
0.9013644
0.9017961
0.
0.8865023
0.8963617
0.8500163
0.9332886
0.8991078
0.7415709
0.831482
0.8970658
0.8968562
0.8965797
0.8826455
0.9029728
0.9126059
0.9115657
0.8790388
0.8992253
0.9014275
0.8446915
0.8434964
0.8459918
0.9021298
0.5790143
0.5869068
0.8913758
0.8978812
0.899465
0.9007959
0.8704611
0.897939
0.8816823
0.8256912
0.814172
0.8969594
0.8962366
0.9011988
0.8996503
0.895943
0.8997217
0.9015092
0.9008711
0.8981156
0.8984917
0.8995101
0.8994268
0.8995441
0.8995833
0.8992744
0.9162372
0.8504256
0.9077687
0.8794492
0.6971783
0.8994262
0.8988954
0.0890897
0.1483385
0.1038963
0.1103482
0.9001904
0.8463503
0.9037342
0.9289194
0.9017605
0.8265982
0.9181801
0.8999833
0.8996378
0.7755062
0.763754
0.8813785
0.8964733
0.9124972
0.9165774
0.9199801
0.9118676
0.8883132
0.8896652
0.8701899
0.8932427
0.9001581
0.8911414
0.8805385
0.8874657
0.9624916
0.906792
0.951102
0.9506427
0.8865023
0.
0.9034053
0.8775669
0.9376593
0.9344443
0.8841405
0.8678535
0.9513373
0.9506499
0.950596
0.911987
0.9336585
0.9362177
0.9469403
0.8796847
0.9511723
0.9519953
0.8803772
0.8834423
0.8812013
0.9531467
0.8795607
0.8748332
0.9494212
0.9508249
0.9518322
0.915867
0.8785753
0.9513037
0.9274109
0.9006056
0.8924171
0.9507354
0.9514344
0.9532546
0.9516637
0.95219
0.9503714
0.9516094
0.9512287
0.9320358
0.9353198
0.9332474
0.9330656
0.9331642
0.9331291
0.9330269
0.9075986
0.9027853
0.9140333
0.8905077
0.8642636
0.9512766
0.9521577
0.8862136
0.8865547
0.8857231
0.8861947
0.9335552
0.880991
0.9401404
0.9395892
0.9506441
0.8952367
0.9536038
0.9343846
0.9333924
0.884552
0.8910468
0.9232295
0.9322301
0.9427828
0.9460615
0.9490495
0.943164
0.9224355
0.925518
0.9142163
0.9485012
0.9488288
0.9531968
0.9091293
0.909798
0.962513
0.9157755
0.9656812
0.9661733
0.8963617
0.9034053
0.
0.9063847
0.9340059
0.9293706
0.9008163
0.8980338
0.9657147
0.9652213
0.9654682
0.9113129
0.9319955
0.9363167
0.9452571
0.9058523
0.9645553
0.9657706
0.9056716
0.911448
0.9110892
0.9665656
0.8994835
0.8960091
0.9630621
0.9645886
0.9656686
0.9189002
0.9018797
0.9640857
0.9486267
0.9176221
0.9120038
0.9647961
0.9632595
0.9638555
0.9646893
0.9645942
0.9634865
0.9646864
0.9662242
0.9305032
0.9323305
0.9316686
0.9315303
0.9315762
0.9319045
0.9317082
0.9207391
0.9037765
0.9253088
0.9079628
0.8936156
0.9655005
0.9651559
0.8989409
0.8974766
0.8972247
0.8988583
0.9315968
0.9151837
0.9286974
0.9350639
0.9661153
0.9111585
0.9666604
0.9304443
0.9315534
0.9100697
0.9057001
0.9247706
0.9289336
0.9395384
0.9403964
0.943765
0.9391152
0.9209742
0.9281438
0.9189384
0.962598
0.9588367
0.9668261
0.6404082
0.895935
0.9610738
0.8972754
0.8979592
0.8987182
0.8500163
0.8775669
0.9063847
0.
0.9477989
0.9269372
0.8504521
0.8520216
0.8979735
0.8983714
0.8981003
0.8999011
0.9277828
0.933101
0.9356484
0.8900212
0.8979804
0.8990067
0.5354917
0.6658815
0.6001678
0.9013932
0.8435787
0.8415307
0.8979396
0.8968965
0.8998926
0.9179056
0.8791966
0.9014562
0.8872715
0.8527769
0.8378554
0.8978215
0.9039108
0.9015848
0.8994065
0.8986364
0.9008803
0.9007124
0.8990902
0.9227199
0.9266038
0.9258087
0.9262513
0.9261894
0.926435
0.9260155
0.9096277
0.8908758
0.9110703
0.8512431
0.8354699
0.8966519
0.8988377
0.8505234
0.8491548
0.8476836
0.8493141
0.9263404
0.7300929
0.9357798
0.9421993
0.8986988
0.8414002
0.9158031
0.9272156
0.9263334
0.852354
0.8563653
0.9100723
0.9246169
0.9368286
0.9400952
0.9446279
0.9361653
0.9208351
0.9234988
0.9071688
0.8966935
0.9020776
0.8926677
0.9437157
0.9438722
0.9717069
0.9357665
0.99249
0.9920613
0.9332886
0.9376593
0.9340059
0.9477989
0.
0.8626967
0.930836
0.9364162
0.9918454
0.9916729
0.9916509
0.9398334
0.8836445
0.8697507
0.9166605
0.9411308
0.9911492
0.9911916
0.9476574
0.9484806
0.9483309
0.9931483
0.9365258
0.9347713
0.9915111
0.9914703
0.9913661
0.9401683
0.9303174
0.9925461
0.979392
0.9539703
0.9533359
0.991183
0.9930618
0.9925611
0.9913691
0.9923388
0.993787
0.9925132
0.9928797
0.8666177
0.8635029
0.8699803
0.870381
0.869919
0.8699262
0.8699977
0.9477976
0.9244171
0.9256443
0.9563849
0.9224441
0.9917959
0.9921689
0.9337537
0.9338054
0.9340863
0.9329657
0.8703139
0.9561983
0.9358382
0.9453945
0.9920404
0.9502366
0.9873296
0.8627877
0.8700015
0.941378
0.9329373
0.8628631
0.8620587
0.8969279
0.8979838
0.9003408
0.8975046
0.8546666
0.8544346
0.8499635
0.9917904
0.9875998
0.9961176
0.9279694
0.9356043
0.9715936
0.9188924
0.9738418
0.9741546
0.8991078
0.9344443
0.9293706
0.9269372
0.8626967
0.
0.8996307
0.9147193
0.9735991
0.9736229
0.9734855
0.9193412
0.822769
0.8039172
0.877471
0.9322234
0.9727952
0.9728396
0.9271224
0.9298125
0.9278509
0.9760699
0.901762
0.9037827
0.9710043
0.9737952
0.9736466
0.927491
0.916929
0.9704579
0.9602144
0.923624
0.9209976
0.9731324
0.9710104
0.9729822
0.973102
0.9732195
0.9722228
0.9750282
0.9744833
0.6377673
0.6414772
0.6560094
0.6562216
0.6563483
0.6563302
0.6561552
0.944702
0.9043731
0.9145028
0.9442692
0.9018503
0.9730506
0.9736751
0.8999294
0.8982683
0.9000822
0.898964
0.6569168
0.9342945
0.9185806
0.9403171
0.9741323
0.9209821
0.9728858
0.1453783
0.6569864
0.9197109
0.9074248
0.6820016
0.6648932
0.8423866
0.8521471
0.8517529
0.8483004
0.7932988
0.7884776
0.7717047
0.9713934
0.9651641
0.9755411
0.8548648
0.895421
0.9599568
0.8880503
0.9345429
0.9348606
0.7415709
0.8841405
0.9008163
0.8504521
0.930836
0.8996307
0.
0.8535174
0.9334252
0.933648
0.9336094
0.892022
0.9029569
0.9088535
0.9129302
0.886029
0.9351864
0.9344521
0.8449955
0.8436422
0.8459982
0.9330123
0.7448663
0.7519057
0.9292184
0.9328908
0.9333038
0.9033467
0.8754024
0.936731
0.9168178
0.8567192
0.844752
0.9335888
0.9335683
0.9318209
0.9318611
0.9318126
0.9323825
0.9345763
0.9343961
0.8995893
0.901411
0.9016406
0.9016309
0.9020519
0.9020941
0.9017164
0.90214
0.8586377
0.8985263
0.8827304
0.661872
0.9320878
0.9340888
0.7420478
0.7452698
0.7404941
0.7405725
0.9023751
0.8528936
0.9039208
0.9315884
0.9347945
0.8519883
0.9448319
0.9008855
0.9021285
0.6167833
0.5682784
0.8843102
0.8987246
0.9130188
0.9167879
0.9180749
0.9125156
0.8928847
0.891973
0.8790263
0.9340951
0.9339627
0.936216
0.8561686
0.8088831
0.9630091
0.8881749
0.8967339
0.8966269
0.831482
0.8678535
0.8980338
0.8520216
0.9364162
0.9147193
0.8535174
0.
0.8933213
0.8943088
0.8942779
0.8938512
0.9128083
0.9252328
0.9289168
0.7942349
0.8958884
0.8976456
0.8469791
0.8492227
0.842869
0.8980215
0.8280302
0.8272358
0.8890755
0.8941831
0.8954587
0.898264
0.7568672
0.8965179
0.882969
0.8317172
0.8242134
0.8936089
0.8960319
0.8959944
0.8962098
0.8950737
0.8970863
0.8996146
0.8976127
0.9149657
0.9175791
0.9179572
0.9173634
0.9177879
0.9180073
0.9179468
0.9184788
0.8755055
0.9169865
0.8857886
0.8384831
0.8942021
0.8946224
0.8330008
0.8329703
0.8297488
0.8323416
0.9184337
0.8437831
0.9277079
0.9347191
0.8967083
0.828969
0.9135781
0.9170422
0.9180696
0.8662603
0.8635903
0.894885
0.9122195
0.9252759
0.9274844
0.9325905
0.9252486
0.9045508
0.9062978
0.8866028
0.8911311
0.898441
0.884537
0.8977174
0.9491151
0.9856907
0.9560184
0.4083722
0.4019992
0.8970658
0.9513373
0.9657147
0.8979735
0.9918454
0.9735991
0.9334252
0.8933213
0.
0.1371221
0.1360258
0.9575584
0.9709956
0.977297
0.9633943
0.9414229
0.3747304
0.3850439
0.8912958
0.8888379
0.8652532
0.4993482
0.891738
0.8962364
0.7256712
0.3951488
0.3791194
0.9544227
0.9361071
0.7321194
0.7912874
0.8364123
0.8182655
0.1717764
0.7554802
0.4409969
0.3790791
0.4474989
0.5214463
0.5142618
0.4958194
0.9711257
0.9736412
0.9733403
0.9734286
0.9735115
0.9735684
0.973769
0.9662565
0.9499388
0.9805466
0.8933286
0.9285255
0.3594686
0.4405202
0.8981072
0.8973192
0.8947743
0.8976715
0.9735292
0.8511425
0.9754822
0.9823003
0.4021352
0.8369229
0.8188669
0.9741405
0.9734572
0.9299309
0.9423732
0.9615636
0.9716573
0.9720103
0.9759168
0.9780659
0.9754845
0.9675096
0.968107
0.9535632
0.7288891
0.7717548
0.6629331
0.8980869
0.9494292
0.9869284
0.9559016
0.395239
0.3874801
0.8968562
0.9506499
0.9652213
0.8983714
0.9916729
0.9736229
0.933648
0.8943088
0.1371221
0.
0.0041912
0.9572448
0.9702771
0.9771325
0.9643825
0.9410682
0.3612403
0.3686741
0.8909698
0.8899431
0.8665693
0.4964381
0.8915386
0.8960762
0.7288901
0.3775357
0.3629626
0.9553278
0.9368928
0.7333422
0.7908285
0.8389042
0.8197982
0.1301897
0.7547647
0.4261663
0.3628728
0.4284767
0.5130143
0.5080924
0.490071
0.97194
0.9747259
0.9743756
0.9744504
0.9745849
0.9746183
0.9747629
0.9658003
0.9497728
0.9807043
0.8938176
0.9290216
0.3327945
0.4322497
0.8976822
0.897772
0.8942852
0.897222
0.9745719
0.8499937
0.9758942
0.9828537
0.3875821
0.8378584
0.8191151
0.97452
0.9745125
0.9283288
0.9426168
0.9616695
0.9720555
0.9718473
0.977195
0.9778732
0.9755872
0.9666987
0.9677584
0.9533522
0.7298398
0.7704975
0.6612345
0.8982659
0.9493652
0.9868251
0.9558262
0.3954977
0.3874159
0.8965797
0.950596
0.9654682
0.8981003
0.9916509
0.9734855
0.9336094
0.8942779
0.1360258
0.0041912
0.
0.9572821
0.9702576
0.9770231
0.9642072
0.9408115
0.3610213
0.3684977
0.8908101
0.8898797
0.8663674
0.4956741
0.8912416
0.8957499
0.728898
0.3771441
0.3626238
0.9553142
0.9369032
0.7331426
0.790549
0.8386949
0.8196913
0.1287874
0.754618
0.4252603
0.3624737
0.4280847
0.5127692
0.5082158
0.4897352
0.9719198
0.9747464
0.9743612
0.9744376
0.9745723
0.9746053
0.9747498
0.965838
0.949778
0.9806895
0.8937402
0.9290109
0.33157
0.43114
0.8974479
0.897655
0.8940382
0.8970033
0.974558
0.8500221
0.9759171
0.9828159
0.3875164
0.8377908
0.8190433
0.9743968
0.9745022
0.9282637
0.9424843
0.9612841
0.9719881
0.9718296
0.9772578
0.9778115
0.9753648
0.9666933
0.9676752
0.953355
0.729651
0.7701423
0.6609784
0.8986347
0.9166115
0.9667115
0.9120383
0.9582396
0.957953
0.8826455
0.911987
0.9113129
0.8999011
0.9398334
0.9193412
0.892022
0.8938512
0.9575584
0.9572448
0.9572821
0.
0.9186921
0.9229048
0.9283923
0.9121844
0.9582266
0.9585974
0.8968512
0.8979256
0.9004687
0.96149
0.8814445
0.8811126
0.9561073
0.958171
0.958452
0.9259225
0.9035394
0.9546898
0.9391251
0.8989564
0.8944434
0.9574506
0.9572587
0.9600162
0.9569558
0.9586063
0.9575549
0.958459
0.9590304
0.92199
0.9195045
0.9230343
0.9231363
0.9231691
0.9231417
0.9230975
0.9109982
0.8900927
0.9215641
0.908941
0.8805003
0.9578959
0.9580016
0.8817964
0.8833258
0.8815787
0.8823478
0.9233556
0.9017415
0.9122342
0.9169313
0.9580117
0.8953061
0.9581159
0.9202947
0.9232846
0.8854391
0.8892647
0.9083916
0.9189329
0.9297604
0.9315689
0.9319869
0.9288429
0.9153967
0.917274
0.9052767
0.9548038
0.9503125
0.9585122
0.928232
0.9358887
0.9723022
0.9194358
0.9718209
0.9715591
0.9029728
0.9336585
0.9319955
0.9277828
0.8836445
0.822769
0.9029569
0.9128083
0.9709956
0.9702771
0.9702576
0.9186921
0.
0.8308361
0.8732828
0.9291928
0.9720439
0.9719889
0.9241502
0.9242027
0.9256808
0.972957
0.9034749
0.9058924
0.9700677
0.9723082
0.9720641
0.9308904
0.917543
0.9728149
0.9575668
0.9197884
0.9190341
0.9695052
0.9723812
0.9719183
0.9724514
0.9705288
0.9718461
0.9729032
0.9742251
0.8222614
0.8267409
0.8255146
0.825893
0.8262235
0.8263237
0.8264011
0.9478518
0.9033644
0.9172075
0.9481773
0.9055248
0.9712215
0.9719398
0.9025353
0.9027549
0.9020024
0.9018542
0.8263927
0.9339256
0.9196529
0.939619
0.971506
0.9147767
0.9740529
0.8244496
0.8263498
0.9195769
0.9085371
0.818907
0.827469
0.8268455
0.8302333
0.8378267
0.8305529
0.8258187
0.8232625
0.8121715
0.9721467
0.9662285
0.9746755
0.9331084
0.9406923
0.9736479
0.9247535
0.9776135
0.977755
0.9126059
0.9362177
0.9363167
0.933101
0.8697507
0.8039172
0.9088535
0.9252328
0.977297
0.9771325
0.9770231
0.9229048
0.8308361
0.
0.8851038
0.938593
0.9773504
0.9765536
0.9338559
0.933501
0.9338146
0.9788238
0.9174987
0.9168317
0.9746464
0.9772333
0.9773858
0.9349465
0.929068
0.9758652
0.9652972
0.9305795
0.9309569
0.9770786
0.9775131
0.9768353
0.9770945
0.9759788
0.97775
0.9780384
0.978013
0.8032287
0.8025444
0.809973
0.810362
0.8103347
0.8104066
0.8102978
0.9458724
0.9071683
0.9208062
0.9518787
0.9127132
0.9778707
0.9779995
0.9146692
0.9137825
0.9142439
0.9139918
0.8110847
0.9423937
0.9271632
0.9471875
0.9777179
0.9277894
0.9783859
0.8052832
0.8110566
0.9248462
0.9153213
0.8030513
0.8041215
0.8530544
0.85636
0.860583
0.8573121
0.817757
0.8121307
0.8037862
0.9763667
0.9690858
0.9817944
0.9367484
0.9471202
0.9817887
0.923502
0.9640912
0.9642716
0.9115657
0.9469403
0.9452571
0.9356484
0.9166605
0.877471
0.9129302
0.9289168
0.9633943
0.9643825
0.9642072
0.9283923
0.8732828
0.8851038
0.
0.9449066
0.9651946
0.9633479
0.9348511
0.9326191
0.9344642
0.965305
0.9147749
0.9159137
0.9615748
0.9650085
0.9633997
0.9378616
0.9344652
0.9632107
0.9582801
0.9239268
0.9232444
0.9638996
0.9615084
0.9648304
0.9636364
0.9636343
0.9668206
0.9646598
0.9648119
0.8788804
0.8757527
0.8813108
0.8811836
0.881319
0.8813586
0.8812048
0.9598224
0.9158843
0.9248016
0.957706
0.9222757
0.9647703
0.965907
0.9123452
0.9125855
0.9100424
0.9119362
0.8818955
0.937558
0.9279973
0.9515044
0.9642519
0.9187963
0.9703342
0.8786357
0.8812576
0.9258292
0.9192527
0.8656738
0.875817
0.8783438
0.8833557
0.8882568
0.8803848
0.8783449
0.8802759
0.8647993
0.9621171
0.9580198
0.9658088
0.8882472
0.6615428
0.9627148
0.9117801
0.9424913
0.9423203
0.8790388
0.8796847
0.9058523
0.8900212
0.9411308
0.9322234
0.886029
0.7942349
0.9414229
0.9410682
0.9408115
0.9121844
0.9291928
0.938593
0.9449066
0.
0.9415506
0.9425725
0.8850861
0.8820991
0.8861695
0.9445661
0.8758917
0.8708629
0.9390145
0.9410499
0.942131
0.9097577
0.8110027
0.9404759
0.9259304
0.8845182
0.8818088
0.9413166
0.9382368
0.942128
0.9416857
0.9411169
0.9416415
0.9440171
0.9435449
0.929355
0.9304329
0.9311533
0.9309791
0.9312943
0.9313003
0.9310473
0.9257455
0.8940204
0.9331045
0.9094293
0.8775198
0.9407658
0.9404148
0.8803231
0.8783748
0.8792304
0.8796361
0.9315994
0.8917558
0.9277518
0.9344452
0.9423708
0.8853894
0.9435911
0.9331816
0.9313479
0.894277
0.8935472
0.9156817
0.929254
0.9407531
0.9416445
0.9443897
0.9403716
0.9211327
0.923326
0.9075143
0.9376843
0.9423606
0.9389301
0.9013922
0.9502778
0.9854129
0.9556824
0.4231289
0.4192138
0.8992253
0.9511723
0.9645553
0.8979804
0.9911492
0.9727952
0.9351864
0.8958884
0.3747304
0.3612403
0.3610213
0.9582266
0.9720439
0.9773504
0.9651946
0.9415506
0.
0.2882467
0.8942082
0.8929096
0.8681386
0.4848684
0.8955544
0.8999717
0.7309649
0.3285706
0.2944378
0.955865
0.9366159
0.7371039
0.7925538
0.8404719
0.8223209
0.3766653
0.7620952
0.3832286
0.2789613
0.4035399
0.498004
0.4981768
0.4794236
0.9719917
0.9735205
0.9735155
0.9735362
0.9736758
0.9736912
0.9737485
0.9656777
0.9491896
0.9800007
0.8963156
0.9298945
0.3941557
0.3851212
0.9000557
0.8999333
0.897303
0.89998
0.9735608
0.8523218
0.9757956
0.9821216
0.4196191
0.8403252
0.8285464
0.9737117
0.9736048
0.9297833
0.9453222
0.9601639
0.970185
0.9727803
0.9762926
0.9783711
0.9756766
0.967145
0.9672361
0.9542509
0.7361281
0.7774898
0.6739002
0.9008311
0.951925
0.9857966
0.9571858
0.4113382
0.4045066
0.9014275
0.9519953
0.9657706
0.8990067
0.9911916
0.9728396
0.9344521
0.8976456
0.3850439
0.3686741
0.3684977
0.9585974
0.9719889
0.9765536
0.9633479
0.9425725
0.2882467
0.
0.8938476
0.8925401
0.8677792
0.4728513
0.8960499
0.9009778
0.7370248
0.3173516
0.2427017
0.9563365
0.9387435
0.7435557
0.7975283
0.8420268
0.8225284
0.375304
0.7625259
0.3681018
0.2459559
0.3885063
0.49847
0.488961
0.4685941
0.9717156
0.9731378
0.9727477
0.972797
0.9728508
0.9728653
0.9730499
0.9652717
0.9493247
0.9805033
0.8983757
0.9292721
0.3959849
0.3760703
0.9022972
0.9013438
0.8992863
0.9019568
0.9728488
0.855615
0.9757187
0.9821954
0.4050229
0.8410261
0.8284593
0.9729643
0.9727408
0.9313443
0.9445846
0.9610107
0.9709508
0.971942
0.9765293
0.9789617
0.9754659
0.9669625
0.9672078
0.9544778
0.7386274
0.7810809
0.6789169
0.6375343
0.8931686
0.963791
0.8958751
0.895494
0.8947827
0.8446915
0.8803772
0.9056716
0.5354917
0.9476574
0.9271224
0.8449955
0.8469791
0.8912958
0.8909698
0.8908101
0.8968512
0.9241502
0.9338559
0.9348511
0.8850861
0.8942082
0.8938476
0.
0.6617945
0.5836273
0.8983344
0.8385589
0.8334882
0.888344
0.8920075
0.8934774
0.9140305
0.8746923
0.8934057
0.8855254
0.8437991
0.8288683
0.8905055
0.8975493
0.8977969
0.8944735
0.8949086
0.8972332
0.8975576
0.8952383
0.9242463
0.9269223
0.9279257
0.9278417
0.9279947
0.9281473
0.9279864
0.9108613
0.8864265
0.9105084
0.8567124
0.8329291
0.8921254
0.8940546
0.8450791
0.8454903
0.8425049
0.8444579
0.9283081
0.7206625
0.9315919
0.941686
0.8947399
0.8357
0.9121276
0.9268491
0.9279804
0.846357
0.851988
0.9092527
0.9256733
0.9356784
0.9390952
0.9437329
0.938025
0.9166186
0.9218321
0.9028413
0.8913153
0.8983569
0.8861284
0.6682006
0.8922826
0.9634699
0.8942826
0.8917487
0.8924952
0.8434964
0.8834423
0.911448
0.6658815
0.9484806
0.9298125
0.8436422
0.8492227
0.8888379
0.8899431
0.8898797
0.8979256
0.9242027
0.933501
0.9326191
0.8820991
0.8929096
0.8925401
0.6617945
0.
0.6278065
0.8953679
0.8369041
0.8338787
0.8894155
0.8891563
0.8917343
0.9185934
0.8777673
0.8940424
0.8801296
0.8398631
0.8260493
0.8890158
0.8947609
0.8924885
0.8915424
0.8901695
0.8917572
0.8957717
0.8923958
0.9268789
0.9285235
0.9294556
0.929485
0.9295127
0.9297346
0.9298102
0.9113743
0.889604
0.9143688
0.8536591
0.8341822
0.8904752
0.8892028
0.8445793
0.8426306
0.841671
0.8440073
0.9299055
0.7238332
0.9290418
0.9437592
0.8926285
0.8344686
0.911478
0.9294515
0.9296071
0.8471307
0.8548492
0.9122064
0.9264495
0.9350337
0.9399905
0.9454892
0.9355596
0.9178921
0.920448
0.9045533
0.8902823
0.8970175
0.8851903
0.587293
0.8941918
0.9655405
0.8986832
0.8700285
0.8688601
0.8459918
0.8812013
0.9110892
0.6001678
0.9483309
0.9278509
0.8459982
0.842869
0.8652532
0.8665693
0.8663674
0.9004687
0.9256808
0.9338146
0.9344642
0.8861695
0.8681386
0.8677792
0.5836273
0.6278065
0.
0.8742123
0.8385139
0.833364
0.8669779
0.8665713
0.8694783
0.9166351
0.8752639
0.873308
0.8630624
0.8358527
0.8113255
0.8664755
0.8754101
0.8688379
0.8676353
0.8650164
0.8708759
0.8717305
0.8681193
0.92203
0.924323
0.9259739
0.9256453
0.9257323
0.9260762
0.9258727
0.9149523
0.8892513
0.9155906
0.849794
0.8332176
0.866532
0.8694193
0.8466681
0.8441288
0.8440646
0.8459636
0.9258584
0.6911014
0.9374521
0.9470244
0.8688494
0.8222948
0.8988588
0.9282086
0.9257578
0.8437124
0.8533876
0.9105182
0.9277669
0.9358536
0.9415881
0.9445665
0.9351926
0.9186219
0.9226984
0.9013966
0.8692791
0.8802035
0.8600684
0.9049422
0.9511933
0.987397
0.956613
0.5136402
0.5037838
0.9021298
0.9531467
0.9665656
0.9013932
0.9931483
0.9760699
0.9330123
0.8980215
0.4993482
0.4964381
0.4956741
0.96149
0.972957
0.9788238
0.965305
0.9445661
0.4848684
0.4728513
0.8983344
0.8953679
0.8742123
0.
0.8972842
0.9012729
0.7422247
0.4868451
0.4738441
0.9567369
0.9401356
0.7480162
0.8053027
0.8461476
0.829258
0.504929
0.7719225
0.4820159
0.4826647
0.5007951
0.5545399
0.484455
0.4644459
0.9743581
0.9758104
0.975766
0.9759315
0.9759046
0.9759612
0.9760309
0.9666215
0.9525576
0.9808026
0.898118
0.9318559
0.5116538
0.4866869
0.9023574
0.9010938
0.9000687
0.902609
0.9758431
0.8599701
0.9762913
0.9828042
0.5039026
0.8456116
0.8290065
0.9762866
0.9759458
0.9305846
0.9436687
0.9641829
0.9727913
0.9723964
0.9779158
0.9792042
0.9760472
0.9685254
0.9690815
0.9558094
0.7458163
0.78756
0.6903624
0.8523955
0.8842176
0.967485
0.8850856
0.8950455
0.8950673
0.5790143
0.8795607
0.8994835
0.8435787
0.9365258
0.901762
0.7448663
0.8280302
0.891738
0.8915386
0.8912416
0.8814445
0.9034749
0.9174987
0.9147749
0.8758917
0.8955544
0.8960499
0.8385589
0.8369041
0.8385139
0.8972842
0.
0.4551153
0.8857875
0.8922774
0.895821
0.8995128
0.8667596
0.8913254
0.8768703
0.8199348
0.8103564
0.891891
0.8890216
0.8967136
0.8934579
0.8942122
0.8959537
0.8968356
0.8938003
0.8982062
0.9014842
0.9022877
0.9023849
0.9024329
0.902399
0.902277
0.9129491
0.8533872
0.908806
0.8739622
0.6383918
0.8944814
0.8934909
0.5811962
0.5819521
0.5770753
0.582904
0.9027583
0.8342795
0.9059203
0.929903
0.8952153
0.8168292
0.9149803
0.9023811
0.9023108
0.7574674
0.7587082
0.8826338
0.8995603
0.9148678
0.9195527
0.9234784
0.9140353
0.8977006
0.8951827
0.875077
0.8892179
0.8975166
0.8850917
0.8470408
0.8797112
0.9678522
0.8828633
0.8982882
0.8985074
0.5869068
0.8748332
0.8960091
0.8415307
0.9347713
0.9037827
0.7519057
0.8272358
0.8962364
0.8960762
0.8957499
0.8811126
0.9058924
0.9168317
0.9159137
0.8708629
0.8999717
0.9009778
0.8334882
0.8338787
0.833364
0.9012729
0.4551153
0.
0.889501
0.8980761
0.9000244
0.9008523
0.8648257
0.8975639
0.878805
0.8199161
0.8097061
0.8959008
0.8924177
0.9013433
0.8983044
0.8976003
0.8997408
0.9003844
0.8982194
0.8983025
0.9003937
0.9038017
0.9038721
0.9039816
0.903994
0.9040992
0.9128464
0.848189
0.9046448
0.8725652
0.6430638
0.8969571
0.899297
0.5918964
0.5880284
0.5854687
0.5906764
0.9045608
0.8310657
0.9071951
0.930125
0.8986863
0.8143244
0.9161423
0.9046
0.9041703
0.7614236
0.7611285
0.8842828
0.9024644
0.9173185
0.9209743
0.9261178
0.9183704
0.8971035
0.894705
0.8702098
0.8949127
0.9002067
0.8904485
0.8996724
0.945326
0.9824039
0.9573568
0.737275
0.7358392
0.8913758
0.9494212
0.9630621
0.8979396
0.9915111
0.9710043
0.9292184
0.8890755
0.7256712
0.7288901
0.728898
0.9561073
0.9700677
0.9746464
0.9615748
0.9390145
0.7309649
0.7370248
0.888344
0.8894155
0.8669779
0.7422247
0.8857875
0.889501
0.
0.7302686
0.7341586
0.9537299
0.9336907
0.6168654
0.7765994
0.8260575
0.8070801
0.7290207
0.7383134
0.7379323
0.736093
0.7317851
0.7362412
0.7450871
0.7326923
0.9690118
0.969507
0.9693159
0.9691267
0.9691052
0.9691952
0.9691104
0.9612726
0.9464186
0.978243
0.8867199
0.925231
0.7301422
0.7306423
0.8913452
0.8922482
0.8896238
0.8927468
0.9693632
0.8517064
0.9749415
0.9816946
0.7357797
0.824906
0.807175
0.9698949
0.9693225
0.9275232
0.9416977
0.9593644
0.9666589
0.9730229
0.9759857
0.9765894
0.9730285
0.9635235
0.9637758
0.9514657
0.5930434
0.754589
0.6528855
0.901234
0.9498233
0.9859066
0.956351
0.4276954
0.4109714
0.8978812
0.9508249
0.9645886
0.8968965
0.9914703
0.9737952
0.9328908
0.8941831
0.3951488
0.3775357
0.3771441
0.958171
0.9723082
0.9772333
0.9650085
0.9410499
0.3285706
0.3173516
0.8920075
0.8891563
0.8665713
0.4868451
0.8922774
0.8980761
0.7302686
0.
0.309502
0.9545908
0.9375559
0.733158
0.7928017
0.8377239
0.8197831
0.3853892
0.7587002
0.4014565
0.3132876
0.4137436
0.4981393
0.5022711
0.4812588
0.9713285
0.9733057
0.972174
0.9723389
0.9724535
0.9723894
0.9724915
0.9658656
0.9503314
0.9794775
0.8924861
0.9288993
0.4029028
0.3995615
0.8986596
0.8978739
0.8960293
0.8991063
0.9722145
0.8513114
0.9759537
0.9821762
0.4113238
0.8362967
0.8243155
0.9737681
0.9722134
0.9298865
0.9421119
0.9611994
0.9696947
0.9741589
0.9765461
0.9785902
0.9760435
0.9671155
0.966891
0.9532467
0.7296471
0.7751411
0.6648394
0.9018444
0.9498338
0.9860567
0.9569583
0.4201075
0.4107127
0.899465
0.9518322
0.9656686
0.8998926
0.9913661
0.9736466
0.9333038
0.8954587
0.3791194
0.3629626
0.3626238
0.958452
0.9720641
0.9773858
0.9633997
0.942131
0.2944378
0.2427017
0.8934774
0.8917343
0.8694783
0.4738441
0.895821
0.9000244
0.7341586
0.309502
0.
0.9558074
0.9375055
0.7434925
0.7977
0.8434609
0.8239805
0.3719909
0.7650601
0.365298
0.2682123
0.3902804
0.5016101
0.4833446
0.4638826
0.9727417
0.9742969
0.9741323
0.9741924
0.9742209
0.9742512
0.9743649
0.9663035
0.9512145
0.9799354
0.8960987
0.9298956
0.4013089
0.3905724
0.9003142
0.8996227
0.8978255
0.8999343
0.9741884
0.8570026
0.9757858
0.983081
0.4110688
0.8394157
0.8292759
0.9742357
0.9740062
0.9303706
0.9434667
0.9611503
0.9716654
0.9722784
0.9762512
0.9783936
0.9750963
0.9673744
0.9674956
0.9544806
0.7380478
0.7824875
0.6749018
0.9160698
0.920585
0.9745569
0.9188525
0.9550829
0.953961
0.9007959
0.915867
0.9189002
0.9179056
0.9401683
0.927491
0.9033467
0.898264
0.9544227
0.9553278
0.9553142
0.9259225
0.9308904
0.9349465
0.9378616
0.9097577
0.955865
0.9563365
0.9140305
0.9185934
0.9166351
0.9567369
0.8995128
0.9008523
0.9537299
0.9545908
0.9558074
0.
0.9107636
0.9573306
0.9427771
0.9127656
0.9133638
0.9551908
0.9600095
0.9545151
0.9561137
0.9544093
0.9546514
0.957654
0.9569153
0.9247758
0.9273037
0.9292797
0.9292587
0.9294074
0.9293652
0.9293442
0.9386346
0.9125761
0.9291972
0.9265093
0.9000369
0.9559988
0.9559623
0.9016444
0.9023264
0.9010049
0.9018717
0.9293289
0.9177365
0.9427113
0.9437891
0.9539104
0.9135078
0.9580636
0.929158
0.9293914
0.917025
0.9061083
0.9201493
0.9259468
0.9347931
0.938777
0.9398566
0.9384493
0.9263473
0.9281033
0.9146123
0.9550089
0.9528735
0.9563651
0.8810066
0.822149
0.9607189
0.8967388
0.938879
0.9380562
0.8704611
0.8785753
0.9018797
0.8791966
0.9303174
0.916929
0.8754024
0.7568672
0.9361071
0.9368928
0.9369032
0.9035394
0.917543
0.929068
0.9344652
0.8110027
0.9366159
0.9387435
0.8746923
0.8777673
0.8752639
0.9401356
0.8667596
0.8648257
0.9336907
0.9375559
0.9375055
0.9107636
0.
0.9396381
0.9210015
0.8763609
0.8714882
0.9370912
0.9352049
0.9397755
0.9376796
0.9388285
0.9380069
0.9407955
0.9388221
0.9184357
0.9188455
0.9182404
0.9176274
0.9178591
0.9178841
0.9180198
0.9250772
0.8926612
0.9162216
0.9071747
0.8644198
0.9387569
0.937661
0.8704542
0.8691139
0.8678418
0.870193
0.9184763
0.8813452
0.9284383
0.9336352
0.9380367
0.8732336
0.9451868
0.9180462
0.9181266
0.8878886
0.8859007
0.9068124
0.9165895
0.9298727
0.9313424
0.9333947
0.9290373
0.9147697
0.915635
0.9020051
0.9371202
0.9379066
0.9358926
0.9025393
0.9474658
0.9844865
0.9577305
0.7433213
0.741646
0.897939
0.9513037
0.9640857
0.9014562
0.9925461
0.9704579
0.936731
0.8965179
0.7321194
0.7333422
0.7331426
0.9546898
0.9728149
0.9758652
0.9632107
0.9404759
0.7371039
0.7435557
0.8934057
0.8940424
0.873308
0.7480162
0.8913254
0.8975639
0.6168654
0.733158
0.7434925
0.9573306
0.9396381
0.
0.7852493
0.8346939
0.8168762
0.7345808
0.7468508
0.7441758
0.7416672
0.7377379
0.7449578
0.755654
0.7431546
0.9700015
0.9709776
0.9700062
0.9700609
0.9701525
0.9702223
0.9701124
0.9635702
0.9494434
0.9798156
0.894987
0.9313573
0.737138
0.7371165
0.89872
0.8971192
0.8954719
0.9005243
0.9701782
0.8562301
0.9771012
0.9834299
0.7419446
0.8355174
0.8178529
0.9704941
0.9701393
0.9320427
0.9475748
0.9611824
0.968105
0.9721731
0.9753716
0.9760998
0.9739076
0.9672694
0.9684282
0.9534869
0.4751047
0.7697752
0.6551265
0.8915426
0.9321576
0.9767122
0.9423921
0.7961043
0.7963068
0.8816823
0.9274109
0.9486267
0.8872715
0.979392
0.9602144
0.9168178
0.882969
0.7912874
0.7908285
0.790549
0.9391251
0.9575668
0.9652972
0.9582801
0.9259304
0.7925538
0.7975283
0.8855254
0.8801296
0.8630624
0.8053027
0.8768703
0.878805
0.7765994
0.7928017
0.7977
0.9427771
0.9210015
0.7852493
0.
0.8355161
0.8187796
0.7907336
0.8033566
0.8012831
0.7955046
0.7930449
0.800266
0.8072369
0.7953424
0.9562835
0.9568372
0.957824
0.9576063
0.9578956
0.9578002
0.9576838
0.9483188
0.936806
0.9650159
0.8815748
0.9149061
0.7940323
0.7932403
0.8809786
0.8819696
0.8793655
0.8834849
0.9579669
0.8538806
0.963131
0.9715677
0.7964371
0.8252144
0.8474626
0.9602394
0.9580652
0.9148852
0.9288482
0.9448598
0.9538548
0.9618792
0.964095
0.964979
0.9618168
0.9548478
0.9528363
0.9347025
0.7744626
0.8130662
0.7502988
0.8579407
0.8960082
0.9745821
0.8994811
0.8445334
0.8417341
0.8256912
0.9006056
0.9176221
0.8527769
0.9539703
0.923624
0.8567192
0.8317172
0.8364123
0.8389042
0.8386949
0.8989564
0.9197884
0.9305795
0.9239268
0.8845182
0.8404719
0.8420268
0.8437991
0.8398631
0.8358527
0.8461476
0.8199348
0.8199161
0.8260575
0.8377239
0.8434609
0.9127656
0.8763609
0.8346939
0.8355161
0.
0.6144681
0.8385022
0.8443533
0.8441113
0.8394558
0.8416439
0.8408192
0.8483652
0.8436771
0.9211473
0.9210822
0.921772
0.9216497
0.9218164
0.9219936
0.9219757
0.9260231
0.8813781
0.9268206
0.8740187
0.8590452
0.8372661
0.8423451
0.8262026
0.8232036
0.8229264
0.8254545
0.922191
0.8217974
0.9307557
0.9430365
0.8417962
0.6099772
0.8818471
0.9234492
0.9214929
0.8617248
0.8707285
0.9048791
0.9178016
0.929218
0.9336419
0.9379441
0.9317379
0.9138726
0.9170388
0.8957873
0.8297969
0.8513276
0.8202685
0.8438376
0.8918121
0.9718468
0.8980786
0.8255696
0.8253207
0.814172
0.8924171
0.9120038
0.8378554
0.9533359
0.9209976
0.844752
0.8242134
0.8182655
0.8197982
0.8196913
0.8944434
0.9190341
0.9309569
0.9232444
0.8818088
0.8223209
0.8225284
0.8288683
0.8260493
0.8113255
0.829258
0.8103564
0.8097061
0.8070801
0.8197831
0.8239805
0.9133638
0.8714882
0.8168762
0.8187796
0.6144681
0.
0.8168038
0.825375
0.8249592
0.8199922
0.8202433
0.8261745
0.8306504
0.8245174
0.9198251
0.9193483
0.9225914
0.9224894
0.922428
0.9226904
0.9226288
0.9230679
0.8827517
0.9239777
0.8626834
0.8494312
0.8199274
0.8212862
0.8148802
0.8135592
0.8120181
0.8159225
0.9227321
0.8041262
0.9342976
0.9441552
0.8252197
0.5401472
0.8638142
0.920975
0.9221658
0.8487649
0.8644897
0.9018862
0.9129096
0.929212
0.9333541
0.9361293
0.9289094
0.9106389
0.9125661
0.8894841
0.8036413
0.8353113
0.796929
0.8978207
0.9489921
0.9864131
0.9553945
0.3967718
0.391228
0.8969594
0.9507354
0.9647961
0.8978215
0.991183
0.9731324
0.9335888
0.8936089
0.1717764
0.1301897
0.1287874
0.9574506
0.9695052
0.9770786
0.9638996
0.9413166
0.3766653
0.375304
0.8905055
0.8890158
0.8664755
0.504929
0.891891
0.8959008
0.7290207
0.3853892
0.3719909
0.9551908
0.9370912
0.7345808
0.7907336
0.8385022
0.8168038
0.
0.7555633
0.4335005
0.374055
0.4351254
0.5130827
0.5140841
0.4991643
0.9717545
0.9732822
0.9736096
0.9737127
0.9737981
0.9738555
0.9740219
0.9653803
0.9497665
0.9804026
0.894326
0.9291158
0.3522653
0.4435447
0.8977906
0.8977182
0.8940681
0.897552
0.9737341
0.8482514
0.9758302
0.9818019
0.3917126
0.8349311
0.8208255
0.9739609
0.973693
0.9285771
0.9421217
0.9602934
0.9701428
0.971004
0.9753749
0.97672
0.9748425
0.9668484
0.9675452
0.9528635
0.729759
0.7713329
0.6641019
0.906151
0.9453238
0.986702
0.9534259
0.7647897
0.7662656
0.8962366
0.9514344
0.9632595
0.9039108
0.9930618
0.9710104
0.9335683
0.8960319
0.7554802
0.7547647
0.754618
0.9572587
0.9723812
0.9775131
0.9615084
0.9382368
0.7620952
0.7625259
0.8975493
0.8947609
0.8754101
0.7719225
0.8890216
0.8924177
0.7383134
0.7587002
0.7650601
0.9600095
0.9352049
0.7468508
0.8033566
0.8443533
0.825375
0.7555633
0.
0.760576
0.7636955
0.7588703
0.7630528
0.774149
0.7658551
0.9672226
0.9692285
0.970483
0.9700439
0.970297
0.9703262
0.9702508
0.9672571
0.9492587
0.979403
0.8982702
0.9275024
0.7582049
0.7603781
0.8955981
0.8962255
0.8934657
0.8966542
0.9703042
0.8605849
0.9761684
0.9826099
0.7666594
0.8425723
0.8328396
0.970307
0.9701586
0.9269301
0.9409282
0.9595508
0.9684218
0.975033
0.9755409
0.9779381
0.9745262
0.9683785
0.966029
0.9540848
0.7364507
0.7943891
0.6949816
0.9030561
0.9495162
0.9862735
0.9560342
0.4625925
0.4595976
0.9011988
0.9532546
0.9638555
0.9015848
0.9925611
0.9729822
0.9318209
0.8959944
0.4409969
0.4261663
0.4252603
0.9600162
0.9719183
0.9768353
0.9648304
0.942128
0.3832286
0.3681018
0.8977969
0.8924885
0.8688379
0.4820159
0.8967136
0.9013433
0.7379323
0.4014565
0.365298
0.9545151
0.9397755
0.7441758
0.8012831
0.8441113
0.8249592
0.4335005
0.760576
0.
0.3685611
0.2398413
0.5034625
0.4967925
0.4763839
0.9726067
0.9748312
0.975341
0.9753686
0.9754616
0.9754682
0.9753958
0.9654317
0.9499607
0.9802611
0.8984924
0.9291997
0.4478872
0.3727496
0.9021471
0.9003681
0.8990863
0.9017953
0.9754472
0.8564945
0.9749084
0.9826357
0.4597555
0.8422289
0.8320103
0.9731235
0.975423
0.9299563
0.9434666
0.9620721
0.9711669
0.9727074
0.9760499
0.9777068
0.9752488
0.9671305
0.9673569
0.9544762
0.7396612
0.7841094
0.6850129
0.8999738
0.9507887
0.9850529
0.9565446
0.4194694
0.4081693
0.8996503
0.9516637
0.9646893
0.8994065
0.9913691
0.973102
0.9318611
0.8962098
0.3790791
0.3628728
0.3624737
0.9569558
0.9724514
0.9770945
0.9636364
0.9416857
0.2789613
0.2459559
0.8944735
0.8915424
0.8676353
0.4826647
0.8934579
0.8983044
0.736093
0.3132876
0.2682123
0.9561137
0.9376796
0.7416672
0.7955046
0.8394558
0.8199922
0.374055
0.7636955
0.3685611
0.
0.3878964
0.4993585
0.4918145
0.4730781
0.9716534
0.9727454
0.9731859
0.9731797
0.9732604
0.9732918
0.973292
0.964338
0.9496371
0.9803724
0.8965321
0.9274071
0.3907734
0.3853829
0.9006162
0.8990486
0.8975172
0.9002868
0.9732464
0.8545689
0.9757515
0.9821912
0.4084352
0.8384604
0.8287908
0.9739992
0.9730848
0.9295252
0.9424891
0.9602408
0.9712352
0.9729845
0.9765344
0.9799748
0.9759854
0.9677511
0.9675812
0.9548035
0.738085
0.7800882
0.6751798
0.8999141
0.9484006
0.9858405
0.9559854
0.4751269
0.4760767
0.895943
0.95219
0.9645942
0.8986364
0.9923388
0.9732195
0.9318126
0.8950737
0.4474989
0.4284767
0.4280847
0.9586063
0.9705288
0.9759788
0.9636343
0.9411169
0.4035399
0.3885063
0.8949086
0.8901695
0.8650164
0.5007951
0.8942122
0.8976003
0.7317851
0.4137436
0.3902804
0.9544093
0.9388285
0.7377379
0.7930449
0.8416439
0.8202433
0.4351254
0.7588703
0.2398413
0.3878964
0.
0.5131762
0.5071208
0.4866914
0.9714859
0.973663
0.9741314
0.9740697
0.9742153
0.9742475
0.9742017
0.9667791
0.9497708
0.97944
0.8962468
0.9297417
0.4574324
0.3979924
0.8970854
0.8960953
0.893258
0.8972525
0.9741629
0.8548808
0.9757534
0.9829436
0.4762192
0.8397391
0.827421
0.9734491
0.9741743
0.9293574
0.9439358
0.9609493
0.9693519
0.9722928
0.9756438
0.978227
0.9749207
0.9671385
0.9666729
0.9532556
0.7293213
0.7819734
0.6758753
0.9057643
0.9507509
0.9881568
0.9557291
0.5435528
0.5390748
0.8997217
0.9503714
0.9634865
0.9008803
0.993787
0.9722228
0.9323825
0.8970863
0.5214463
0.5130143
0.5127692
0.9575549
0.9718461
0.97775
0.9668206
0.9416415
0.498004
0.49847
0.8972332
0.8917572
0.8708759
0.5545399
0.8959537
0.8997408
0.7362412
0.4981393
0.5016101
0.9546514
0.9380069
0.7449578
0.800266
0.8408192
0.8261745
0.5130827
0.7630528
0.5034625
0.4993585
0.5131762
0.
0.5677898
0.5443679
0.97122
0.9728226
0.9732848
0.9732857
0.9734297
0.9734656
0.9735542
0.9646753
0.9494263
0.9799398
0.8958502
0.9303589
0.5223202
0.5111633
0.9014728
0.9003739
0.8980498
0.9014647
0.9733637
0.8575695
0.9765552
0.9824579
0.5388804
0.8437134
0.8245332
0.9723588
0.9733664
0.9291079
0.9434373
0.9595484
0.9686499
0.9755021
0.9786514
0.9796985
0.9770439
0.9680821
0.9688749
0.9539596
0.7353728
0.7825443
0.675787
0.9040323
0.9522196
0.987926
0.9574439
0.5342013
0.525426
0.9015092
0.9516094
0.9646864
0.9007124
0.9925132
0.9750282
0.9345763
0.8996146
0.5142618
0.5080924
0.5082158
0.958459
0.9729032
0.9780384
0.9646598
0.9440171
0.4981768
0.488961
0.8975576
0.8957717
0.8717305
0.484455
0.8968356
0.9003844
0.7450871
0.5022711
0.4833446
0.957654
0.9407955
0.755654
0.8072369
0.8483652
0.8306504
0.5140841
0.774149
0.4967925
0.4918145
0.5071208
0.5677898
0.
0.3016298
0.9727605
0.974377
0.9741599
0.9742738
0.9742509
0.9743372
0.9743929
0.9658109
0.9504675
0.9811434
0.8993859
0.9334007
0.5259956
0.4964804
0.9024369
0.9015767
0.900155
0.9018887
0.9742863
0.8599629
0.9738858
0.9824047
0.5255312
0.8453506
0.8285917
0.9750197
0.9742207
0.9329188
0.9449521
0.9625565
0.9719317
0.9730111
0.9770728
0.9799877
0.9761423
0.967411
0.9679924
0.9540816
0.7474511
0.7951728
0.6942913
0.9011473
0.9504379
0.9878929
0.957633
0.5172386
0.5120186
0.9008711
0.9512287
0.9662242
0.8990902
0.9928797
0.9744833
0.9343961
0.8976127
0.4958194
0.490071
0.4897352
0.9590304
0.9742251
0.978013
0.9648119
0.9435449
0.4794236
0.4685941
0.8952383
0.8923958
0.8681193
0.4644459
0.8938003
0.8982194
0.7326923
0.4812588
0.4638826
0.9569153
0.9388221
0.7431546
0.7953424
0.8436771
0.8245174
0.4991643
0.7658551
0.4763839
0.4730781
0.4866914
0.5443679
0.3016298
0.
0.9715781
0.9738895
0.9727498
0.972731
0.9727671
0.972826
0.9728639
0.9660575
0.9495509
0.9809474
0.8966742
0.9323117
0.5099538
0.4883553
0.9016493
0.9003946
0.8989089
0.9018354
0.9728089
0.8570661
0.9756213
0.9822795
0.51167
0.8413181
0.82623
0.9742825
0.9728142
0.9319878
0.9430559
0.9615337
0.9710736
0.9740697
0.9782028
0.97969
0.976335
0.96829
0.9682415
0.9546337
0.734871
0.7859429
0.6791745
0.9270214
0.9342531
0.9677958
0.9183312
0.9725423
0.9718791
0.8981156
0.9320358
0.9305032
0.9227199
0.8666177
0.6377673
0.8995893
0.9149657
0.9711257
0.97194
0.9719198
0.92199
0.8222614
0.8032287
0.8788804
0.929355
0.9719917
0.9717156
0.9242463
0.9268789
0.92203
0.9743581
0.8982062
0.8983025
0.9690118
0.9713285
0.9727417
0.9247758
0.9184357
0.9700015
0.9562835
0.9211473
0.9198251
0.9717545
0.9672226
0.9726067
0.9716534
0.9714859
0.97122
0.9727605
0.9715781
0.
0.4244296
0.3632304
0.3616373
0.3594983
0.3592562
0.3619043
0.9442346
0.9019043
0.9153461
0.9447817
0.8998698
0.9708622
0.9726806
0.8994364
0.8980688
0.8990678
0.8987615
0.3627769
0.9308727
0.9193029
0.9417341
0.9718143
0.9143597
0.9691776
0.5999516
0.3638923
0.9149273
0.9053123
0.6860364
0.6421407
0.841441
0.8514282
0.8524493
0.8489838
0.7904266
0.7882118
0.7728055
0.9690494
0.9624638
0.9730404
0.9268056
0.933956
0.969472
0.9178684
0.9744967
0.974622
0.8984917
0.9353198
0.9323305
0.9266038
0.8635029
0.6414772
0.901411
0.9175791
0.9736412
0.9747259
0.9747464
0.9195045
0.8267409
0.8025444
0.8757527
0.9304329
0.9735205
0.9731378
0.9269223
0.9285235
0.924323
0.9758104
0.9014842
0.9003937
0.969507
0.9733057
0.9742969
0.9273037
0.9188455
0.9709776
0.9568372
0.9210822
0.9193483
0.9732822
0.9692285
0.9748312
0.9727454
0.973663
0.9728226
0.974377
0.9738895
0.4244296
0.
0.4581845
0.4583453
0.4567141
0.4558962
0.4584862
0.9439202
0.9038731
0.9164125
0.9451424
0.9035304
0.9745793
0.9745603
0.8994313
0.9003229
0.8988977
0.8990677
0.4601158
0.9314254
0.9221496
0.9413103
0.9745998
0.9165703
0.9721349
0.611916
0.4604924
0.9192458
0.9083979
0.6864673
0.6512675
0.8462948
0.8528259
0.8554432
0.8505407
0.7926772
0.7874985
0.7708276
0.9699012
0.9642976
0.974348
0.927551
0.9338511
0.9681356
0.9206306
0.9743324
0.9744444
0.8995101
0.9332474
0.9316686
0.9258087
0.8699803
0.6560094
0.9016406
0.9179572
0.9733403
0.9743756
0.9743612
0.9230343
0.8255146
0.809973
0.8813108
0.9311533
0.9735155
0.9727477
0.9279257
0.9294556
0.9259739
0.975766
0.9022877
0.9038017
0.9693159
0.972174
0.9741323
0.9292797
0.9182404
0.9700062
0.957824
0.921772
0.9225914
0.9736096
0.970483
0.975341
0.9731859
0.9741314
0.9732848
0.9741599
0.9727498
0.3632304
0.4581845
0.
0.011608
0.0117957
0.0106157
0.011108
0.9457979
0.9062938
0.9164637
0.9458542
0.902512
0.9740867
0.974355
0.9007187
0.9007607
0.9003361
0.9008394
0.0095521
0.9336505
0.921779
0.9417414
0.9743804
0.9187647
0.9730789
0.5730047
0.0115806
0.9180437
0.9089836
0.6842972
0.6301228
0.844766
0.8532719
0.8572299
0.8542461
0.795146
0.7936231
0.7770826
0.9706408
0.9642575
0.9747107
0.9274794
0.9332131
0.9683404
0.9202062
0.9745348
0.9745615
0.8994268
0.9330656
0.9315303
0.9262513
0.870381
0.6562216
0.9016309
0.9173634
0.9734286
0.9744504
0.9744376
0.9231363
0.825893
0.810362
0.8811836
0.9309791
0.9735362
0.972797
0.9278417
0.929485
0.9256453
0.9759315
0.9023849
0.9038721
0.9691267
0.9723389
0.9741924
0.9292587
0.9176274
0.9700609
0.9576063
0.9216497
0.9224894
0.9737127
0.9700439
0.9753686
0.9731797
0.9740697
0.9732857
0.9742738
0.972731
0.3616373
0.4583453
0.011608
0.
0.0097493
0.0085657
0.0087558
0.9459881
0.9062719
0.916303
0.9457914
0.9021422
0.9742634
0.9745082
0.9008104
0.9007857
0.9003775
0.9010044
0.0091689
0.933415
0.9218636
0.9416736
0.9744975
0.9187206
0.9729798
0.5721939
0.0110031
0.9180455
0.909027
0.6848221
0.6305533
0.8440633
0.8527641
0.8568139
0.8539474
0.7956354
0.7937308
0.777029
0.9708149
0.9644777
0.9747451
0.9273183
0.9335905
0.9686198
0.9202552
0.9745572
0.9745851
0.8995441
0.9331642
0.9315762
0.9261894
0.869919
0.6563483
0.9020519
0.9177879
0.9735115
0.9745849
0.9745723
0.9231691
0.8262235
0.8103347
0.881319
0.9312943
0.9736758
0.9728508
0.9279947
0.9295127
0.9257323
0.9759046
0.9024329
0.9039816
0.9691052
0.9724535
0.9742209
0.9294074
0.9178591
0.9701525
0.9578956
0.9218164
0.922428
0.9737981
0.970297
0.9754616
0.9732604
0.9742153
0.9734297
0.9742509
0.9727671
0.3594983
0.4567141
0.0117957
0.0097493
0.
0.0026532
0.0065912
0.9455843
0.9062064
0.9163371
0.9461031
0.9019994
0.9744089
0.9745551
0.9009476
0.9008674
0.9004444
0.9011305
0.0079584
0.9337236
0.9213023
0.9415984
0.9745127
0.9184557
0.9731415
0.5720249
0.0113015
0.9180693
0.9093497
0.6845588
0.6304576
0.8443441
0.8532703
0.8570013
0.8543402
0.794913
0.7936467
0.776298
0.9709523
0.9645109
0.9749459
0.9275903
0.9336417
0.9683617
0.9203167
0.9745983
0.9746442
0.8995833
0.9331291
0.9319045
0.926435
0.8699262
0.6563302
0.9020941
0.9180073
0.9735684
0.9746183
0.9746053
0.9231417
0.8263237
0.8104066
0.8813586
0.9313003
0.9736912
0.9728653
0.9281473
0.9297346
0.9260762
0.9759612
0.902399
0.903994
0.9691952
0.9723894
0.9742512
0.9293652
0.9178841
0.9702223
0.9578002
0.9219936
0.9226904
0.9738555
0.9703262
0.9754682
0.9732918
0.9742475
0.9734656
0.9743372
0.972826
0.3592562
0.4558962
0.0106157
0.0085657
0.0026532
0.
0.0042315
0.9455213
0.9062775
0.9164673
0.9460089
0.9021129
0.9744423
0.9745775
0.9009486
0.900963
0.9004725
0.9011366
0.0069228
0.9338339
0.9215543
0.9414291
0.974582
0.9187718
0.973104
0.5719492
0.0101338
0.9180885
0.9092653
0.6841545
0.6299604
0.8445168
0.8532427
0.8571992
0.854411
0.7947261
0.7935787
0.7763502
0.9709927
0.964595
0.9749514
0.9275987
0.9335268
0.9683114
0.9203211
0.9746779
0.9747343
0.8992744
0.9330269
0.9317082
0.9260155
0.8699977
0.6561552
0.9017164
0.9179468
0.973769
0.9747629
0.9747498
0.9230975
0.8264011
0.8102978
0.8812048
0.9310473
0.9737485
0.9730499
0.9279864
0.9298102
0.9258727
0.9760309
0.902277
0.9040992
0.9691104
0.9724915
0.9743649
0.9293442
0.9180198
0.9701124
0.9576838
0.9219757
0.9226288
0.9740219
0.9702508
0.9753958
0.973292
0.9742017
0.9735542
0.9743929
0.9728639
0.3619043
0.4584862
0.011108
0.0087558
0.0065912
0.0042315
0.
0.9456308
0.9062737
0.9161565
0.9460497
0.9018547
0.974726
0.9747472
0.900683
0.9006386
0.9001273
0.90099
0.0073154
0.9337433
0.9215034
0.9413132
0.9746719
0.9188372
0.9731278
0.571903
0.010554
0.9177935
0.9091762
0.6841394
0.6304119
0.844582
0.8531697
0.8570266
0.8543424
0.7952302
0.7940172
0.7768258
0.9708647
0.9645054
0.9747784
0.9083044
0.931243
0.9623466
0.9263501
0.9664921
0.966368
0.9162372
0.9075986
0.9207391
0.9096277
0.9477976
0.944702
0.90214
0.9184788
0.9662565
0.9658003
0.965838
0.9109982
0.9478518
0.9458724
0.9598224
0.9257455
0.9656777
0.9652717
0.9108613
0.9113743
0.9149523
0.9666215
0.9129491
0.9128464
0.9612726
0.9658656
0.9663035
0.9386346
0.9250772
0.9635702
0.9483188
0.9260231
0.9230679
0.9653803
0.9672571
0.9654317
0.964338
0.9667791
0.9646753
0.9658109
0.9660575
0.9442346
0.9439202
0.9457979
0.9459881
0.9455843
0.9455213
0.9456308
0.
0.9159665
0.9352321
0.9069434
0.8932072
0.9648642
0.9643853
0.9165174
0.9163696
0.9159507
0.9159503
0.9460143
0.9150068
0.9427633
0.9450944
0.9663688
0.9254057
0.9672239
0.9435679
0.9457941
0.8948111
0.9016014
0.9324332
0.942233
0.9533265
0.9510948
0.9552395
0.9473761
0.9369051
0.9343044
0.9320998
0.9614777
0.9632247
0.9686965
0.8916942
0.9063966
0.9646385
0.9037118
0.9495447
0.9488059
0.8504256
0.9027853
0.9037765
0.8908758
0.9244171
0.9043731
0.8586377
0.8755055
0.9499388
0.9497728
0.949778
0.8900927
0.9033644
0.9071683
0.9158843
0.8940204
0.9491896
0.9493247
0.8864265
0.889604
0.8892513
0.9525576
0.8533872
0.848189
0.9464186
0.9503314
0.9512145
0.9125761
0.8926612
0.9494434
0.936806
0.8813781
0.8827517
0.9497665
0.9492587
0.9499607
0.9496371
0.9497708
0.9494263
0.9504675
0.9495509
0.9019043
0.9038731
0.9062938
0.9062719
0.9062064
0.9062775
0.9062737
0.9159665
0.
0.908638
0.9064936
0.8511368
0.9483905
0.9495366
0.8505139
0.8518805
0.8493188
0.8499704
0.9068848
0.8927573
0.8440014
0.9200903
0.9487052
0.8835762
0.9581698
0.9076167
0.9060206
0.8712071
0.8661549
0.8881916
0.8984765
0.9149509
0.9146527
0.9186907
0.9133818
0.8946296
0.8981972
0.8835786
0.9473166
0.9447767
0.948752
0.9145221
0.9360012
0.971359
0.903676
0.9795146
0.9799281
0.9077687
0.9140333
0.9253088
0.9110703
0.9256443
0.9145028
0.8985263
0.9169865
0.9805466
0.9807043
0.9806895
0.9215641
0.9172075
0.9208062
0.9248016
0.9331045
0.9800007
0.9805033
0.9105084
0.9143688
0.9155906
0.9808026
0.908806
0.9046448
0.978243
0.9794775
0.9799354
0.9291972
0.9162216
0.9798156
0.9650159
0.9268206
0.9239777
0.9804026
0.979403
0.9802611
0.9803724
0.97944
0.9799398
0.9811434
0.9809474
0.9153461
0.9164125
0.9164637
0.916303
0.9163371
0.9164673
0.9161565
0.9352321
0.908638
0.
0.9334647
0.8956065
0.9806508
0.9800125
0.9085904
0.90783
0.9078041
0.9079614
0.9164092
0.9238705
0.9296143
0.938923
0.9799552
0.9205674
0.9810976
0.9153776
0.9166173
0.9136509
0.9020358
0.9089191
0.9170551
0.9251607
0.9239241
0.9265398
0.9241214
0.9150692
0.9112405
0.9061652
0.9799558
0.9761243
0.9834138
0.8552478
0.9144643
0.9048174
0.9194582
0.8993553
0.8971533
0.8794492
0.8905077
0.9079628
0.8512431
0.9563849
0.9442692
0.8827304
0.8857886
0.8933286
0.8938176
0.8937402
0.908941
0.9481773
0.9518787
0.957706
0.9094293
0.8963156
0.8983757
0.8567124
0.8536591
0.849794
0.898118
0.8739622
0.8725652
0.8867199
0.8924861
0.8960987
0.9265093
0.9071747
0.894987
0.8815748
0.8740187
0.8626834
0.894326
0.8982702
0.8984924
0.8965321
0.8962468
0.8958502
0.8993859
0.8966742
0.9447817
0.9451424
0.9458542
0.9457914
0.9461031
0.9460089
0.9460497
0.9069434
0.9064936
0.9334647
0.
0.8673482
0.894335
0.8946747
0.879957
0.8790472
0.8778827
0.879298
0.9460274
0.84369
0.9448903
0.9459418
0.8972578
0.8682721
0.9100185
0.9440395
0.9459917
0.8720804
0.8850138
0.9314356
0.9432151
0.9538426
0.9588831
0.9600798
0.9545492
0.9351204
0.9359572
0.9252753
0.885902
0.8957484
0.8871561
0.8449949
0.8875801
0.9585093
0.8840033
0.928951
0.9296212
0.6971783
0.8642636
0.8936156
0.8354699
0.9224441
0.9018503
0.661872
0.8384831
0.9285255
0.9290216
0.9290109
0.8805003
0.9055248
0.9127132
0.9222757
0.8775198
0.9298945
0.9292721
0.8329291
0.8341822
0.8332176
0.9318559
0.6383918
0.6430638
0.925231
0.9288993
0.9298956
0.9000369
0.8644198
0.9313573
0.9149061
0.8590452
0.8494312
0.9291158
0.9275024
0.9291997
0.9274071
0.9297417
0.9303589
0.9334007
0.9323117
0.8998698
0.9035304
0.902512
0.9021422
0.9019994
0.9021129
0.9018547
0.8932072
0.8511368
0.8956065
0.8673482
0.
0.9293044
0.9295946
0.7006127
0.6995344
0.6987206
0.6999813
0.9029104
0.838919
0.9064751
0.9272328
0.929654
0.8540128
0.9394486
0.9035381
0.9025378
0.6618702
0.6895423
0.885768
0.8978177
0.9180532
0.9191813
0.9247414
0.9138864
0.8935769
0.8933939
0.8777804
0.9297566
0.9336823
0.9309207
0.9008636
0.9502529
0.9866248
0.9568048
0.4115368
0.4015686
0.8994262
0.9512766
0.9655005
0.8966519
0.9917959
0.9730506
0.9320878
0.8942021
0.3594686
0.3327945
0.33157
0.9578959
0.9712215
0.9778707
0.9647703
0.9407658
0.3941557
0.3959849
0.8921254
0.8904752
0.866532
0.5116538
0.8944814
0.8969571
0.7301422
0.4029028
0.4013089
0.9559988
0.9387569
0.737138
0.7940323
0.8372661
0.8199274
0.3522653
0.7582049
0.4478872
0.3907734
0.4574324
0.5223202
0.5259956
0.5099538
0.9708622
0.9745793
0.9740867
0.9742634
0.9744089
0.9744423
0.974726
0.9648642
0.9483905
0.9806508
0.894335
0.9293044
0.
0.4474321
0.9001148
0.8995397
0.8971598
0.8999064
0.9744337
0.8502262
0.9765141
0.982097
0.4010902
0.8363576
0.8235659
0.9738922
0.9743541
0.9298921
0.9430132
0.9620955
0.9708981
0.9739903
0.9774573
0.9792058
0.9764011
0.9667439
0.968654
0.955285
0.7298718
0.7773832
0.6663777
0.9020752
0.9499741
0.987005
0.9556304
0.475486
0.4704931
0.8988954
0.9521577
0.9651559
0.8988377
0.9921689
0.9736751
0.9340888
0.8946224
0.4405202
0.4322497
0.43114
0.9580016
0.9719398
0.9779995
0.965907
0.9404148
0.3851212
0.3760703
0.8940546
0.8892028
0.8694193
0.4866869
0.8934909
0.899297
0.7306423
0.3995615
0.3905724
0.9559623
0.937661
0.7371165
0.7932403
0.8423451
0.8212862
0.4435447
0.7603781
0.3727496
0.3853829
0.3979924
0.5111633
0.4964804
0.4883553
0.9726806
0.9745603
0.974355
0.9745082
0.9745551
0.9745775
0.9747472
0.9643853
0.9495366
0.9800125
0.8946747
0.9295946
0.4474321
0.
0.9000121
0.8986952
0.8967255
0.8994736
0.974506
0.8542937
0.9741608
0.9831212
0.4708576
0.8391785
0.8278865
0.9739256
0.9745074
0.9303278
0.9438529
0.9635365
0.9703984
0.9732091
0.9772586
0.9781042
0.9758467
0.9681192
0.9690117
0.9539585
0.7328385
0.7795519
0.6748775
0.8587821
0.8905297
0.9691903
0.8851479
0.9019
0.9018791
0.0890897
0.8862136
0.8989409
0.8505234
0.9337537
0.8999294
0.7420478
0.8330008
0.8981072
0.8976822
0.8974479
0.8817964
0.9025353
0.9146692
0.9123452
0.8803231
0.9000557
0.9022972
0.8450791
0.8445793
0.8466681
0.9023574
0.5811962
0.5918964
0.8913452
0.8986596
0.9003142
0.9016444
0.8704542
0.89872
0.8809786
0.8262026
0.8148802
0.8977906
0.8955981
0.9021471
0.9006162
0.8970854
0.9014728
0.9024369
0.9016493
0.8994364
0.8994313
0.9007187
0.9008104
0.9009476
0.9009486
0.900683
0.9165174
0.8505139
0.9085904
0.879957
0.7006127
0.9001148
0.9000121
0.
0.1481408
0.0902834
0.0944654
0.9015381
0.8467132
0.903004
0.9286343
0.9018412
0.827237
0.9194273
0.9009871
0.901035
0.7752551
0.7648849
0.8813915
0.8972951
0.9129947
0.9171483
0.9199433
0.9120962
0.8892803
0.8891645
0.8713828
0.8948127
0.9004984
0.891209
0.8571235
0.890503
0.9688376
0.8844483
0.9015721
0.9021975
0.1483385
0.8865547
0.8974766
0.8491548
0.9338054
0.8982683
0.7452698
0.8329703
0.8973192
0.897772
0.897655
0.8833258
0.9027549
0.9137825
0.9125855
0.8783748
0.8999333
0.9013438
0.8454903
0.8426306
0.8441288
0.9010938
0.5819521
0.5880284
0.8922482
0.8978739
0.8996227
0.9023264
0.8691139
0.8971192
0.8819696
0.8232036
0.8135592
0.8977182
0.8962255
0.9003681
0.8990486
0.8960953
0.9003739
0.9015767
0.9003946
0.8980688
0.9003229
0.9007607
0.9007857
0.9008674
0.900963
0.9006386
0.9163696
0.8518805
0.90783
0.8790472
0.6995344
0.8995397
0.8986952
0.1481408
0.
0.1558121
0.1584451
0.9014621
0.8450746
0.9032726
0.9294876
0.9022428
0.8258234
0.9197315
0.8994768
0.9009822
0.7754145
0.7641898
0.8826283
0.8967478
0.9142584
0.9168074
0.9200852
0.9129933
0.8894004
0.8917959
0.8702236
0.8937122
0.9015412
0.8899821
0.8549139
0.8899786
0.9687293
0.882558
0.9000332
0.8999855
0.1038963
0.8857231
0.8972247
0.8476836
0.9340863
0.9000822
0.7404941
0.8297488
0.8947743
0.8942852
0.8940382
0.8815787
0.9020024
0.9142439
0.9100424
0.8792304
0.897303
0.8992863
0.8425049
0.841671
0.8440646
0.9000687
0.5770753
0.5854687
0.8896238
0.8960293
0.8978255
0.9010049
0.8678418
0.8954719
0.8793655
0.8229264
0.8120181
0.8940681
0.8934657
0.8990863
0.8975172
0.893258
0.8980498
0.900155
0.8989089
0.8990678
0.8988977
0.9003361
0.9003775
0.9004444
0.9004725
0.9001273
0.9159507
0.8493188
0.9078041
0.8778827
0.6987206
0.8971598
0.8967255
0.0902834
0.1558121
0.
0.1041205
0.9010662
0.8435889
0.9053796
0.92863
0.9000813
0.8242883
0.9159418
0.9011871
0.900585
0.773637
0.7620664
0.882386
0.897529
0.9136316
0.9169683
0.9211732
0.9137763
0.8893372
0.8887882
0.870595
0.8911241
0.8982895
0.8882596
0.8588269
0.8895404
0.968874
0.8847776
0.9026142
0.9030584
0.1103482
0.8861947
0.8988583
0.8493141
0.9329657
0.898964
0.7405725
0.8323416
0.8976715
0.897222
0.8970033
0.8823478
0.9018542
0.9139918
0.9119362
0.8796361
0.89998
0.9019568
0.8444579
0.8440073
0.8459636
0.902609
0.582904
0.5906764
0.8927468
0.8991063
0.8999343
0.9018717
0.870193
0.9005243
0.8834849
0.8254545
0.8159225
0.897552
0.8966542
0.9017953
0.9002868
0.8972525
0.9014647
0.9018887
0.9018354
0.8987615
0.8990677
0.9008394
0.9010044
0.9011305
0.9011366
0.90099
0.9159503
0.8499704
0.9079614
0.879298
0.6999813
0.8999064
0.8994736
0.0944654
0.1584451
0.1041205
0.
0.9016586
0.8468901
0.904193
0.9293415
0.903023
0.8275945
0.9186057
0.899975
0.9010565
0.7759288
0.7621799
0.8811381
0.8961871
0.9140165
0.9171813
0.919894
0.9128082
0.8892357
0.8902375
0.8709844
0.8954245
0.9013243
0.8929824
0.9276249
0.9336682
0.9686533
0.920627
0.9745831
0.9746366
0.9001904
0.9335552
0.9315968
0.9263404
0.8703139
0.6569168
0.9023751
0.9184337
0.9735292
0.9745719
0.974558
0.9233556
0.8263927
0.8110847
0.8818955
0.9315994
0.9735608
0.9728488
0.9283081
0.9299055
0.9258584
0.9758431
0.9027583
0.9045608
0.9693632
0.9722145
0.9741884
0.9293289
0.9184763
0.9701782
0.9579669
0.922191
0.9227321
0.9737341
0.9703042
0.9754472
0.9732464
0.9741629
0.9733637
0.9742863
0.9728089
0.3627769
0.4601158
0.0095521
0.0091689
0.0079584
0.0069228
0.0073154
0.9460143
0.9068848
0.9164092
0.9460274
0.9029104
0.9744337
0.974506
0.9015381
0.9014621
0.9010662
0.9016586
0.
0.9336898
0.9222197
0.9416105
0.9745726
0.9188736
0.9730033
0.5726142
0.0092979
0.9187851
0.9097259
0.685339
0.631322
0.8445044
0.8535364
0.8575261
0.8546998
0.7959576
0.7944813
0.7772432
0.9709685
0.9643934
0.9747696
0.7326016
0.8986202
0.9683812
0.9031825
0.8535181
0.8539307
0.8463503
0.880991
0.9151837
0.7300929
0.9561983
0.9342945
0.8528936
0.8437831
0.8511425
0.8499937
0.8500221
0.9017415
0.9339256
0.9423937
0.937558
0.8917558
0.8523218
0.855615
0.7206625
0.7238332
0.6911014
0.8599701
0.8342795
0.8310657
0.8517064
0.8513114
0.8570026
0.9177365
0.8813452
0.8562301
0.8538806
0.8217974
0.8041262
0.8482514
0.8605849
0.8564945
0.8545689
0.8548808
0.8575695
0.8599629
0.8570661
0.9308727
0.9314254
0.9336505
0.933415
0.9337236
0.9338339
0.9337433
0.9150068
0.8927573
0.9238705
0.84369
0.838919
0.8502262
0.8542937
0.8467132
0.8450746
0.8435889
0.8468901
0.9336898
0.
0.9417652
0.9492027
0.8538281
0.8129601
0.8847781
0.9330736
0.9337554
0.8490555
0.8625483
0.9161021
0.9326844
0.9443566
0.9487051
0.9505718
0.9435222
0.9256148
0.9273461
0.9052127
0.8494864
0.8642459
0.8401933
0.9352139
0.9373319
0.9685436
0.9323508
0.9754943
0.9752029
0.9037342
0.9401404
0.9286974
0.9357798
0.9358382
0.9185806
0.9039208
0.9277079
0.9754822
0.9758942
0.9759171
0.9122342
0.9196529
0.9271632
0.9279973
0.9277518
0.9757956
0.9757187
0.9315919
0.9290418
0.9374521
0.9762913
0.9059203
0.9071951
0.9749415
0.9759537
0.9757858
0.9427113
0.9284383
0.9771012
0.963131
0.9307557
0.9342976
0.9758302
0.9761684
0.9749084
0.9757515
0.9757534
0.9765552
0.9738858
0.9756213
0.9193029
0.9221496
0.921779
0.9218636
0.9213023
0.9215543
0.9215034
0.9427633
0.8440014
0.9296143
0.9448903
0.9064751
0.9765141
0.9741608
0.903004
0.9032726
0.9053796
0.904193
0.9222197
0.9417652
0.
0.9399315
0.9752618
0.9289259
0.982071
0.9189444
0.922183
0.9177041
0.9083702
0.9106771
0.9210651
0.9252763
0.9251489
0.9264787
0.9243294
0.9133973
0.913811
0.9090813
0.9768496
0.9709056
0.9800533
0.9409963
0.9395735
0.9740955
0.9414615
0.9829991
0.9826759
0.9289194
0.9395892
0.9350639
0.9421993
0.9453945
0.9403171
0.9315884
0.9347191
0.9823003
0.9828537
0.9828159
0.9169313
0.939619
0.9471875
0.9515044
0.9344452
0.9821216
0.9821954
0.941686
0.9437592
0.9470244
0.9828042
0.929903
0.930125
0.9816946
0.9821762
0.983081
0.9437891
0.9336352
0.9834299
0.9715677
0.9430365
0.9441552
0.9818019
0.9826099
0.9826357
0.9821912
0.9829436
0.9824579
0.9824047
0.9822795
0.9417341
0.9413103
0.9417414
0.9416736
0.9415984
0.9414291
0.9413132
0.9450944
0.9200903
0.938923
0.9459418
0.9272328
0.982097
0.9831212
0.9286343
0.9294876
0.92863
0.9293415
0.9416105
0.9492027
0.9399315
0.
0.9827652
0.9437045
0.979855
0.9413856
0.9416025
0.9399546
0.9329841
0.9371985
0.9409474
0.9484888
0.9526879
0.9489827
0.948715
0.9370829
0.9404801
0.9377177
0.9821231
0.9778195
0.9845991
0.9011032
0.9508933
0.9868225
0.9567304
0.151868
0.0030835
0.9017605
0.9506441
0.9661153
0.8986988
0.9920404
0.9741323
0.9347945
0.8967083
0.4021352
0.3875821
0.3875164
0.9580117
0.971506
0.9777179
0.9642519
0.9423708
0.4196191
0.4050229
0.8947399
0.8926285
0.8688494
0.5039026
0.8952153
0.8986863
0.7357797
0.4113238
0.4110688
0.9539104
0.9380367
0.7419446
0.7964371
0.8417962
0.8252197
0.3917126
0.7666594
0.4597555
0.4084352
0.4762192
0.5388804
0.5255312
0.51167
0.9718143
0.9745998
0.9743804
0.9744975
0.9745127
0.974582
0.9746719
0.9663688
0.9487052
0.9799552
0.8972578
0.929654
0.4010902
0.4708576
0.9018412
0.9022428
0.9000813
0.903023
0.9745726
0.8538281
0.9752618
0.9827652
0.
0.842304
0.8258555
0.974921
0.9745401
0.9309454
0.9437888
0.9619972
0.97078
0.9717867
0.9766638
0.9780585
0.9743839
0.9681092
0.9677941
0.9553641
0.7350659
0.7792977
0.6760908
0.8498802
0.896398
0.971984
0.899659
0.8428121
0.8422594
0.8265982
0.8952367
0.9111585
0.8414002
0.9502366
0.9209821
0.8519883
0.828969
0.8369229
0.8378584
0.8377908
0.8953061
0.9147767
0.9277894
0.9187963
0.8853894
0.8403252
0.8410261
0.8357
0.8344686
0.8222948
0.8456116
0.8168292
0.8143244
0.824906
0.8362967
0.8394157
0.9135078
0.8732336
0.8355174
0.8252144
0.6099772
0.5401472
0.8349311
0.8425723
0.8422289
0.8384604
0.8397391
0.8437134
0.8453506
0.8413181
0.9143597
0.9165703
0.9187647
0.9187206
0.9184557
0.9187718
0.9188372
0.9254057
0.8835762
0.9205674
0.8682721
0.8540128
0.8363576
0.8391785
0.827237
0.8258234
0.8242883
0.8275945
0.9188736
0.8129601
0.9289259
0.9437045
0.842304
0.
0.87685
0.9214898
0.9186692
0.8575218
0.8669464
0.898627
0.9118854
0.9255793
0.9324223
0.9351118
0.9285037
0.9078894
0.9103687
0.8885966
0.8259955
0.8501388
0.8167153
0.9174029
0.9529256
0.9876922
0.9590651
0.8273249
0.8261132
0.9181801
0.9536038
0.9666604
0.9158031
0.9873296
0.9728858
0.9448319
0.9135781
0.8188669
0.8191151
0.8190433
0.9581159
0.9740529
0.9783859
0.9703342
0.9435911
0.8285464
0.8284593
0.9121276
0.911478
0.8988588
0.8290065
0.9149803
0.9161423
0.807175
0.8243155
0.8292759
0.9580636
0.9451868
0.8178529
0.8474626
0.8818471
0.8638142
0.8208255
0.8328396
0.8320103
0.8287908
0.827421
0.8245332
0.8285917
0.82623
0.9691776
0.9721349
0.9730789
0.9729798
0.9731415
0.973104
0.9731278
0.9672239
0.9581698
0.9810976
0.9100185
0.9394486
0.8235659
0.8278865
0.9194273
0.9197315
0.9159418
0.9186057
0.9730033
0.8847781
0.982071
0.979855
0.8258555
0.87685
0.
0.9726697
0.973124
0.9434662
0.9523754
0.9643337
0.9707496
0.9767198
0.9768008
0.9817545
0.9757133
0.9693508
0.9668376
0.9572909
0.8069104
0.8416305
0.7895257
0.9271042
0.9363144
0.9701344
0.9178502
0.9744404
0.9749465
0.8999833
0.9343846
0.9304443
0.9272156
0.8627877
0.1453783
0.9008855
0.9170422
0.9741405
0.97452
0.9743968
0.9202947
0.8244496
0.8052832
0.8786357
0.9331816
0.9737117
0.9729643
0.9268491
0.9294515
0.9282086
0.9762866
0.9023811
0.9046
0.9698949
0.9737681
0.9742357
0.929158
0.9180462
0.9704941
0.9602394
0.9234492
0.920975
0.9739609
0.970307
0.9731235
0.9739992
0.9734491
0.9723588
0.9750197
0.9742825
0.5999516
0.611916
0.5730047
0.5721939
0.5720249
0.5719492
0.571903
0.9435679
0.9076167
0.9153776
0.9440395
0.9035381
0.9738922
0.9739256
0.9009871
0.8994768
0.9011871
0.899975
0.5726142
0.9330736
0.9189444
0.9413856
0.974921
0.9214898
0.9726697
0.
0.574153
0.9198044
0.9079472
0.6864395
0.6528184
0.8446012
0.8529843
0.85468
0.8511474
0.7932916
0.7897695
0.7735334
0.9704592
0.9652775
0.9751667
0.9276123
0.9340517
0.9684578
0.9203886
0.9745498
0.9746054
0.8996378
0.9333924
0.9315534
0.9263334
0.8700015
0.6569864
0.9021285
0.9180696
0.9734572
0.9745125
0.9745022
0.9232846
0.8263498
0.8110566
0.8812576
0.9313479
0.9736048
0.9727408
0.9279804
0.9296071
0.9257578
0.9759458
0.9023108
0.9041703
0.9693225
0.9722134
0.9740062
0.9293914
0.9181266
0.9701393
0.9580652
0.9214929
0.9221658
0.973693
0.9701586
0.975423
0.9730848
0.9741743
0.9733664
0.9742207
0.9728142
0.3638923
0.4604924
0.0115806
0.0110031
0.0113015
0.0101338
0.010554
0.9457941
0.9060206
0.9166173
0.9459917
0.9025378
0.9743541
0.9745074
0.901035
0.9009822
0.900585
0.9010565
0.0092979
0.9337554
0.922183
0.9416025
0.9745401
0.9186692
0.973124
0.574153
0.
0.9183286
0.9094669
0.6850662
0.6316837
0.844053
0.8531453
0.8572517
0.8542238
0.7954734
0.7942215
0.777019
0.9709599
0.9643993
0.9748513
0.857333
0.9046759
0.9589959
0.8990518
0.9310775
0.9309493
0.7755062
0.884552
0.9100697
0.852354
0.941378
0.9197109
0.6167833
0.8662603
0.9299309
0.9283288
0.9282637
0.8854391
0.9195769
0.9248462
0.9258292
0.894277
0.9297833
0.9313443
0.846357
0.8471307
0.8437124
0.9305846
0.7574674
0.7614236
0.9275232
0.9298865
0.9303706
0.917025
0.8878886
0.9320427
0.9148852
0.8617248
0.8487649
0.9285771
0.9269301
0.9299563
0.9295252
0.9293574
0.9291079
0.9329188
0.9319878
0.9149273
0.9192458
0.9180437
0.9180455
0.9180693
0.9180885
0.9177935
0.8948111
0.8712071
0.9136509
0.8720804
0.6618702
0.9298921
0.9303278
0.7752551
0.7754145
0.773637
0.7759288
0.9187851
0.8490555
0.9177041
0.9399546
0.9309454
0.8575218
0.9434662
0.9198044
0.9183286
0.
0.634484
0.9041777
0.9202918
0.9290521
0.9311914
0.9334082
0.9279726
0.9113782
0.911428
0.8976087
0.9275955
0.9308809
0.9310095
0.8605741
0.9008024
0.9595719
0.8944594
0.9444726
0.9437683
0.763754
0.8910468
0.9057001
0.8563653
0.9329373
0.9074248
0.5682784
0.8635903
0.9423732
0.9426168
0.9424843
0.8892647
0.9085371
0.9153213
0.9192527
0.8935472
0.9453222
0.9445846
0.851988
0.8548492
0.8533876
0.9436687
0.7587082
0.7611285
0.9416977
0.9421119
0.9434667
0.9061083
0.8859007
0.9475748
0.9288482
0.8707285
0.8644897
0.9421217
0.9409282
0.9434666
0.9424891
0.9439358
0.9434373
0.9449521
0.9430559
0.9053123
0.9083979
0.9089836
0.909027
0.9093497
0.9092653
0.9091762
0.9016014
0.8661549
0.9020358
0.8850138
0.6895423
0.9430132
0.9438529
0.7648849
0.7641898
0.7620664
0.7621799
0.9097259
0.8625483
0.9083702
0.9329841
0.9437888
0.8669464
0.9523754
0.9079472
0.9094669
0.634484
0.
0.8919971
0.906314
0.9196932
0.9209991
0.9198742
0.9187903
0.9052301
0.901715
0.8868429
0.9457022
0.9401316
0.9472391
0.914922
0.9228664
0.9682904
0.9089978
0.9614401
0.9621242
0.8813785
0.9232295
0.9247706
0.9100723
0.8628631
0.6820016
0.8843102
0.894885
0.9615636
0.9616695
0.9612841
0.9083916
0.818907
0.8030513
0.8656738
0.9156817
0.9601639
0.9610107
0.9092527
0.9122064
0.9105182
0.9641829
0.8826338
0.8842828
0.9593644
0.9611994
0.9611503
0.9201493
0.9068124
0.9611824
0.9448598
0.9048791
0.9018862
0.9602934
0.9595508
0.9620721
0.9602408
0.9609493
0.9595484
0.9625565
0.9615337
0.6860364
0.6864673
0.6842972
0.6848221
0.6845588
0.6841545
0.6841394
0.9324332
0.8881916
0.9089191
0.9314356
0.885768
0.9620955
0.9635365
0.8813915
0.8826283
0.882386
0.8811381
0.685339
0.9161021
0.9106771
0.9371985
0.9619972
0.898627
0.9643337
0.6864395
0.6850662
0.9041777
0.8919971
0.
0.6785991
0.832807
0.8453038
0.8509425
0.8436582
0.7843913
0.7863953
0.7609152
0.9602265
0.9552491
0.9634294
0.9256325
0.9321635
0.9695819
0.9161533
0.9707896
0.9709003
0.8964733
0.9322301
0.9289336
0.9246169
0.8620587
0.6648932
0.8987246
0.9122195
0.9716573
0.9720555
0.9719881
0.9189329
0.827469
0.8041215
0.875817
0.929254
0.970185
0.9709508
0.9256733
0.9264495
0.9277669
0.9727913
0.8995603
0.9024644
0.9666589
0.9696947
0.9716654
0.9259468
0.9165895
0.968105
0.9538548
0.9178016
0.9129096
0.9701428
0.9684218
0.9711669
0.9712352
0.9693519
0.9686499
0.9719317
0.9710736
0.6421407
0.6512675
0.6301228
0.6305533
0.6304576
0.6299604
0.6304119
0.942233
0.8984765
0.9170551
0.9432151
0.8978177
0.9708981
0.9703984
0.8972951
0.8967478
0.897529
0.8961871
0.631322
0.9326844
0.9210651
0.9409474
0.97078
0.9118854
0.9707496
0.6528184
0.6316837
0.9202918
0.906314
0.6785991
0.
0.8446687
0.8519952
0.8537843
0.8477741
0.7876054
0.7861913
0.7688145
0.9682767
0.964043
0.971766
0.9349505
0.9452281
0.9765047
0.9242781
0.9715073
0.971906
0.9124972
0.9427828
0.9395384
0.9368286
0.8969279
0.8423866
0.9130188
0.9252759
0.9720103
0.9718473
0.9718296
0.9297604
0.8268455
0.8530544
0.8783438
0.9407531
0.9727803
0.971942
0.9356784
0.9350337
0.9358536
0.9723964
0.9148678
0.9173185
0.9730229
0.9741589
0.9722784
0.9347931
0.9298727
0.9721731
0.9618792
0.929218
0.929212
0.971004
0.975033
0.9727074
0.9729845
0.9722928
0.9755021
0.9730111
0.9740697
0.841441
0.8462948
0.844766
0.8440633
0.8443441
0.8445168
0.844582
0.9533265
0.9149509
0.9251607
0.9538426
0.9180532
0.9739903
0.9732091
0.9129947
0.9142584
0.9136316
0.9140165
0.8445044
0.9443566
0.9252763
0.9484888
0.9717867
0.9255793
0.9767198
0.8446012
0.844053
0.9290521
0.9196932
0.832807
0.8446687
0.
0.6717293
0.6767637
0.6795103
0.8522629
0.8495932
0.8388974
0.9723687
0.9682744
0.9767422
0.943308
0.9459506
0.9755213
0.9276268
0.9763666
0.9768383
0.9165774
0.9460615
0.9403964
0.9400952
0.8979838
0.8521471
0.9167879
0.9274844
0.9759168
0.977195
0.9772578
0.9315689
0.8302333
0.85636
0.8833557
0.9416445
0.9762926
0.9765293
0.9390952
0.9399905
0.9415881
0.9779158
0.9195527
0.9209743
0.9759857
0.9765461
0.9762512
0.938777
0.9313424
0.9753716
0.964095
0.9336419
0.9333541
0.9753749
0.9755409
0.9760499
0.9765344
0.9756438
0.9786514
0.9770728
0.9782028
0.8514282
0.8528259
0.8532719
0.8527641
0.8532703
0.8532427
0.8531697
0.9510948
0.9146527
0.9239241
0.9588831
0.9191813
0.9774573
0.9772586
0.9171483
0.9168074
0.9169683
0.9171813
0.8535364
0.9487051
0.9251489
0.9526879
0.9766638
0.9324223
0.9768008
0.8529843
0.8531453
0.9311914
0.9209991
0.8453038
0.8519952
0.6717293
0.
0.6553208
0.5396276
0.8592882
0.8543424
0.8450388
0.9761378
0.9694101
0.9801126
0.9430091
0.9488929
0.9773053
0.9252173
0.9781079
0.9781292
0.9199801
0.9490495
0.943765
0.9446279
0.9003408
0.8517529
0.9180749
0.9325905
0.9780659
0.9778732
0.9778115
0.9319869
0.8378267
0.860583
0.8882568
0.9443897
0.9783711
0.9789617
0.9437329
0.9454892
0.9445665
0.9792042
0.9234784
0.9261178
0.9765894
0.9785902
0.9783936
0.9398566
0.9333947
0.9760998
0.964979
0.9379441
0.9361293
0.97672
0.9779381
0.9777068
0.9799748
0.978227
0.9796985
0.9799877
0.97969
0.8524493
0.8554432
0.8572299
0.8568139
0.8570013
0.8571992
0.8570266
0.9552395
0.9186907
0.9265398
0.9600798
0.9247414
0.9792058
0.9781042
0.9199433
0.9200852
0.9211732
0.919894
0.8575261
0.9505718
0.9264787
0.9489827
0.9780585
0.9351118
0.9817545
0.85468
0.8572517
0.9334082
0.9198742
0.8509425
0.8537843
0.6767637
0.6553208
0.
0.652331
0.8599496
0.8585501
0.8511951
0.9780214
0.9707003
0.9807061
0.9387321
0.9471777
0.9768971
0.9249779
0.974769
0.9744861
0.9118676
0.943164
0.9391152
0.9361653
0.8975046
0.8483004
0.9125156
0.9252486
0.9754845
0.9755872
0.9753648
0.9288429
0.8305529
0.8573121
0.8803848
0.9403716
0.9756766
0.9754659
0.938025
0.9355596
0.9351926
0.9760472
0.9140353
0.9183704
0.9730285
0.9760435
0.9750963
0.9384493
0.9290373
0.9739076
0.9618168
0.9317379
0.9289094
0.9748425
0.9745262
0.9752488
0.9759854
0.9749207
0.9770439
0.9761423
0.976335
0.8489838
0.8505407
0.8542461
0.8539474
0.8543402
0.854411
0.8543424
0.9473761
0.9133818
0.9241214
0.9545492
0.9138864
0.9764011
0.9758467
0.9120962
0.9129933
0.9137763
0.9128082
0.8546998
0.9435222
0.9243294
0.948715
0.9743839
0.9285037
0.9757133
0.8511474
0.8542238
0.9279726
0.9187903
0.8436582
0.8477741
0.6795103
0.5396276
0.652331
0.
0.8521862
0.8529376
0.8419015
0.9742491
0.9689209
0.9771526
0.9181315
0.9279828
0.9682585
0.9108999
0.9676124
0.9680915
0.8883132
0.9224355
0.9209742
0.9208351
0.8546666
0.7932988
0.8928847
0.9045508
0.9675096
0.9666987
0.9666933
0.9153967
0.8258187
0.817757
0.8783449
0.9211327
0.967145
0.9669625
0.9166186
0.9178921
0.9186219
0.9685254
0.8977006
0.8971035
0.9635235
0.9671155
0.9673744
0.9263473
0.9147697
0.9672694
0.9548478
0.9138726
0.9106389
0.9668484
0.9683785
0.9671305
0.9677511
0.9671385
0.9680821
0.967411
0.96829
0.7904266
0.7926772
0.795146
0.7956354
0.794913
0.7947261
0.7952302
0.9369051
0.8946296
0.9150692
0.9351204
0.8935769
0.9667439
0.9681192
0.8892803
0.8894004
0.8893372
0.8892357
0.7959576
0.9256148
0.9133973
0.9370829
0.9681092
0.9078894
0.9693508
0.7932916
0.7954734
0.9113782
0.9052301
0.7843913
0.7876054
0.8522629
0.8592882
0.8599496
0.8521862
0.
0.6862846
0.6955919
0.9666904
0.9597498
0.9695464
0.9223179
0.927172
0.969871
0.9134201
0.9673908
0.9677963
0.8896652
0.925518
0.9281438
0.9234988
0.8544346
0.7884776
0.891973
0.9062978
0.968107
0.9677584
0.9676752
0.917274
0.8232625
0.8121307
0.8802759
0.923326
0.9672361
0.9672078
0.9218321
0.920448
0.9226984
0.9690815
0.8951827
0.894705
0.9637758
0.966891
0.9674956
0.9281033
0.915635
0.9684282
0.9528363
0.9170388
0.9125661
0.9675452
0.966029
0.9673569
0.9675812
0.9666729
0.9688749
0.9679924
0.9682415
0.7882118
0.7874985
0.7936231
0.7937308
0.7936467
0.7935787
0.7940172
0.9343044
0.8981972
0.9112405
0.9359572
0.8933939
0.968654
0.9690117
0.8891645
0.8917959
0.8887882
0.8902375
0.7944813
0.9273461
0.913811
0.9404801
0.9677941
0.9103687
0.9668376
0.7897695
0.7942215
0.911428
0.901715
0.7863953
0.7861913
0.8495932
0.8543424
0.8585501
0.8529376
0.6862846
0.
0.695664
0.9653383
0.9605071
0.9689156
0.9079929
0.916316
0.9655935
0.9031401
0.9563369
0.9553667
0.8701899
0.9142163
0.9189384
0.9071688
0.8499635
0.7717047
0.8790263
0.8866028
0.9535632
0.9533522
0.953355
0.9052767
0.8121715
0.8037862
0.8647993
0.9075143
0.9542509
0.9544778
0.9028413
0.9045533
0.9013966
0.9558094
0.875077
0.8702098
0.9514657
0.9532467
0.9544806
0.9146123
0.9020051
0.9534869
0.9347025
0.8957873
0.8894841
0.9528635
0.9540848
0.9544762
0.9548035
0.9532556
0.9539596
0.9540816
0.9546337
0.7728055
0.7708276
0.7770826
0.777029
0.776298
0.7763502
0.7768258
0.9320998
0.8835786
0.9061652
0.9252753
0.8777804
0.955285
0.9539585
0.8713828
0.8702236
0.870595
0.8709844
0.7772432
0.9052127
0.9090813
0.9377177
0.9553641
0.8885966
0.9572909
0.7735334
0.777019
0.8976087
0.8868429
0.7609152
0.7688145
0.8388974
0.8450388
0.8511951
0.8419015
0.6955919
0.695664
0.
0.952923
0.949426
0.9554168
0.8998504
0.9464156
0.9842189
0.955885
0.7372721
0.7349953
0.8932427
0.9485012
0.962598
0.8966935
0.9917904
0.9713934
0.9340951
0.8911311
0.7288891
0.7298398
0.729651
0.9548038
0.9721467
0.9763667
0.9621171
0.9376843
0.7361281
0.7386274
0.8913153
0.8902823
0.8692791
0.7458163
0.8892179
0.8949127
0.5930434
0.7296471
0.7380478
0.9550089
0.9371202
0.4751047
0.7744626
0.8297969
0.8036413
0.729759
0.7364507
0.7396612
0.738085
0.7293213
0.7353728
0.7474511
0.734871
0.9690494
0.9699012
0.9706408
0.9708149
0.9709523
0.9709927
0.9708647
0.9614777
0.9473166
0.9799558
0.885902
0.9297566
0.7298718
0.7328385
0.8948127
0.8937122
0.8911241
0.8954245
0.9709685
0.8494864
0.9768496
0.9821231
0.7350659
0.8259955
0.8069104
0.9704592
0.9709599
0.9275955
0.9457022
0.9602265
0.9682767
0.9723687
0.9761378
0.9780214
0.9742491
0.9666904
0.9653383
0.952923
0.
0.7569406
0.6452434
0.9045071
0.9465112
0.9805155
0.9488335
0.7811502
0.7791985
0.9001581
0.9488288
0.9588367
0.9020776
0.9875998
0.9651641
0.9339627
0.898441
0.7717548
0.7704975
0.7701423
0.9503125
0.9662285
0.9690858
0.9580198
0.9423606
0.7774898
0.7810809
0.8983569
0.8970175
0.8802035
0.78756
0.8975166
0.9002067
0.754589
0.7751411
0.7824875
0.9528735
0.9379066
0.7697752
0.8130662
0.8513276
0.8353113
0.7713329
0.7943891
0.7841094
0.7800882
0.7819734
0.7825443
0.7951728
0.7859429
0.9624638
0.9642976
0.9642575
0.9644777
0.9645109
0.964595
0.9645054
0.9632247
0.9447767
0.9761243
0.8957484
0.9336823
0.7773832
0.7795519
0.9004984
0.9015412
0.8982895
0.9013243
0.9643934
0.8642459
0.9709056
0.9778195
0.7792977
0.8501388
0.8416305
0.9652775
0.9643993
0.9308809
0.9401316
0.9552491
0.964043
0.9682744
0.9694101
0.9707003
0.9689209
0.9597498
0.9605071
0.949426
0.7569406
0.
0.7067736
0.898835
0.9458271
0.9873444
0.9597689
0.6792307
0.675954
0.8911414
0.9531968
0.9668261
0.8926677
0.9961176
0.9755411
0.936216
0.884537
0.6629331
0.6612345
0.6609784
0.9585122
0.9746755
0.9817944
0.9658088
0.9389301
0.6739002
0.6789169
0.8861284
0.8851903
0.8600684
0.6903624
0.8850917
0.8904485
0.6528855
0.6648394
0.6749018
0.9563651
0.9358926
0.6551265
0.7502988
0.8202685
0.796929
0.6641019
0.6949816
0.6850129
0.6751798
0.6758753
0.675787
0.6942913
0.6791745
0.9730404
0.974348
0.9747107
0.9747451
0.9749459
0.9749514
0.9747784
0.9686965
0.948752
0.9834138
0.8871561
0.9309207
0.6663777
0.6748775
0.891209
0.8899821
0.8882596
0.8929824
0.9747696
0.8401933
0.9800533
0.9845991
0.6760908
0.8167153
0.7895257
0.9751667
0.9748513
0.9310095
0.9472391
0.9634294
0.971766
0.9767422
0.9801126
0.9807061
0.9771526
0.9695464
0.9689156
0.9554168
0.6452434
0.7067736
0.